0 0
0.1 0.003136
0.2 0.00974434
0.3 0.0181086
0.4 0.027318
0.5 0.036808
0.6 0.0462162
0.7 0.0553096
0.8 0.0639406
0.9 0.0720201
1 0.0794992
1.1 0.0863567
1.2 0.0925905
1.3 0.0982114
1.4 0.103239
1.5 0.1077
1.6 0.111621
1.7 0.115035
1.8 0.117973
1.9 0.120466
2 0.122545
2.1 0.124241
2.2 0.125583
2.3 0.126598
2.4 0.127312
2.5 0.12775
2.6 0.127935
2.7 0.12789
2.8 0.127634
2.9 0.127186
3 0.126564
3.1 0.125785
3.2 0.124864
3.3 0.123815
3.4 0.12265
3.5 0.121383
3.6 0.120025
3.7 0.118586
3.8 0.117075
3.9 0.115501
4 0.113874
4.1 0.112199
4.2 0.110484
4.3 0.108736
4.4 0.10696
4.5 0.105162
4.6 0.103347
4.7 0.101518
4.8 0.0996814
4.9 0.0978395
5 0.0959961
5.1 0.0941544
5.2 0.0923173
5.3 0.0904874
5.4 0.0886671
5.5 0.0868584
5.6 0.0850634
5.7 0.0832838
5.8 0.0815211
5.9 0.0797767
6 0.0780519
6.1 0.0763478
6.2 0.0746654
6.3 0.0730055
6.4 0.0713688
6.5 0.0697561
6.6 0.0681679
6.7 0.0666045
6.8 0.0650665
6.9 0.063554
7 0.0620675
7.1 0.0606069
7.2 0.0591726
7.3 0.0577644
7.4 0.0563825
7.5 0.0550268
7.6 0.0536973
7.7 0.0523939
7.8 0.0512953
7.9 0.0504332
8 0.0495856
8.1 0.0487523
8.2 0.0479329
8.3 0.0471273
8.4 0.0463353
8.5 0.0455566
8.6 0.0447909
8.7 0.0440382
8.8 0.043298
8.9 0.0425704
9 0.0418549
9.1 0.0411515
9.2 0.0404599
9.3 0.0397799
9.4 0.0391113
9.5 0.038454
9.6 0.0378078
9.7 0.0371723
9.8 0.0365476
9.9 0.0359334
10 0.0353295
10.1 0.0347357
10.2 0.0341519
10.3 0.033578
10.4 0.0330136
10.5 0.0324588
10.6 0.0319133
10.7 0.0313769
10.8 0.0308496
10.9 0.0303311
11 0.0298214
11.1 0.0293202
11.2 0.0288274
11.3 0.028343
11.4 0.0278666
11.5 0.0273983
11.6 0.0269378
11.7 0.0264851
11.8 0.02604
11.9 0.0256023
12 0.0251721
12.1 0.024749
12.2 0.0243331
12.3 0.0239241
12.4 0.023522
12.5 0.0231267
12.6 0.022738
12.7 0.0223559
12.8 0.0219802
12.9 0.0216108
13 0.0212476
13.1 0.0208905
13.2 0.0205394
13.3 0.0201942
13.4 0.0198548
13.5 0.0195211
13.6 0.019193
13.7 0.0188705
13.8 0.0185533
13.9 0.0182415
14 0.017935
14.1 0.0176335
14.2 0.0173372
14.3 0.0170458
14.4 0.0167593
14.5 0.0164777
14.6 0.0162007
14.7 0.0159285
14.8 0.0156608
14.9 0.0153976
15 0.0151388
15.1 0.0148844
15.2 0.0146342
15.3 0.0143883
15.4 0.0141464
15.5 0.0139087
15.6 0.0136749
15.7 0.0134451
15.8 0.0132192
15.9 0.012997
16 0.0127786
16.1 0.0125638
16.2 0.0123526
16.3 0.012145
16.4 0.0119409
16.5 0.0117402
16.6 0.0115429
16.7 0.0113489
16.8 0.0111582
16.9 0.0109707
17 0.0107863
17.1 0.010605
17.2 0.0104268
17.3 0.0102516
17.4 0.0100793
17.5 0.00990987
17.6 0.00974332
17.7 0.00957957
17.8 0.00941857
17.9 0.00926028
18 0.00910465
18.1 0.00895164
18.2 0.00880119
18.3 0.00865328
18.4 0.00850785
18.5 0.00836486
18.6 0.00822428
18.7 0.00808606
18.8 0.00795016
18.9 0.00781655
19 0.00768518
19.1 0.00755602
19.2 0.00742903
19.3 0.00730418
19.4 0.00718142
19.5 0.00706073
19.6 0.00694206
19.7 0.00682539
19.8 0.00671068
19.9 0.0065979
20 0.00648701
20.1 0.00637799
20.2 0.0062708
20.3 0.00616541
20.4 0.00606179
20.5 0.00595992
20.6 0.00585975
20.7 0.00576127
20.8 0.00566445
20.9 0.00556925
21 0.00547565
21.1 0.00538362
21.2 0.00529314
21.3 0.00520419
21.4 0.00511672
21.5 0.00503073
21.6 0.00494618
21.7 0.00486305
21.8 0.00478132
21.9 0.00470097
22 0.00462196
22.1 0.00454428
22.2 0.00446791
22.3 0.00439282
22.4 0.00431899
22.5 0.00424641
22.6 0.00417504
22.7 0.00410487
22.8 0.00403589
22.9 0.00396806
23 0.00390137
23.1 0.0038358
23.2 0.00377134
23.3 0.00370795
23.4 0.00364564
23.5 0.00358437
23.6 0.00352413
23.7 0.0034649
23.8 0.00340667
23.9 0.00334941
24 0.00329312
24.1 0.00323778
24.2 0.00318336
24.3 0.00312986
24.4 0.00307726
24.5 0.00302554
24.6 0.00297469
24.7 0.0029247
24.8 0.00287555
24.9 0.00282722
25 0.0027797
25.1 0.00273299
25.2 0.00268706
25.3 0.0026419
25.4 0.0025975
25.5 0.00255384
25.6 0.00251092
25.7 0.00246872
25.8 0.00242723
25.9 0.00238644
26 0.00234633
26.1 0.0023069
26.2 0.00226813
26.3 0.00223001
26.4 0.00219253
26.5 0.00215568
26.6 0.00211945
26.7 0.00208383
26.8 0.00204881
26.9 0.00201438
27 0.00198052
27.1 0.00194724
27.2 0.00191451
27.3 0.00188234
27.4 0.0018507
27.5 0.0018196
27.6 0.00178902
27.7 0.00175895
27.8 0.00172939
27.9 0.00170032
28 0.00167175
28.1 0.00164365
28.2 0.00161603
28.3 0.00158887
28.4 0.00156217
28.5 0.00153591
28.6 0.0015101
28.7 0.00148472
28.8 0.00145977
28.9 0.00143523
29 0.00141111
29.1 0.0013874
29.2 0.00136408
29.3 0.00134115
29.4 0.00131862
29.5 0.00129645
29.6 0.00127467
29.7 0.00125324
29.8 0.00123218
29.9 0.00121147
30 0.00119111
30.1 0.00117109
30.2 0.00115141
30.3 0.00113206
30.4 0.00111303
30.5 0.00109433
30.6 0.00107594
30.7 0.00105785
30.8 0.00104008
30.9 0.0010226
31 0.00100541
31.1 0.000988513
31.2 0.0009719
31.3 0.000955566
31.4 0.000939506
31.5 0.000923716
31.6 0.000908192
31.7 0.000892929
31.8 0.000877922
31.9 0.000863167
32 0.000848661
32.1 0.000834398
32.2 0.000820375
32.3 0.000806587
32.4 0.000793031
32.5 0.000779703
32.6 0.000766599
32.7 0.000753716
32.8 0.000741049
32.9 0.000728594
33 0.000716349
33.1 0.00070431
33.2 0.000692473
33.3 0.000680835
33.4 0.000669393
33.5 0.000658143
33.6 0.000647082
33.7 0.000636207
33.8 0.000625515
33.9 0.000615002
34 0.000604666
34.1 0.000594504
34.2 0.000584512
34.3 0.000574689
34.4 0.00056503
34.5 0.000555534
34.6 0.000546198
34.7 0.000537018
34.8 0.000527993
34.9 0.000519119
35 0.000510395
35.1 0.000501817
35.2 0.000493383
35.3 0.000485091
35.4 0.000476939
35.5 0.000468923
35.6 0.000461042
35.7 0.000453294
35.8 0.000445676
35.9 0.000438186
36 0.000430821
36.1 0.000423581
36.2 0.000416462
36.3 0.000409463
36.4 0.000402581
36.5 0.000395815
36.6 0.000389163
36.7 0.000382623
36.8 0.000376192
36.9 0.00036987
37 0.000363654
37.1 0.000357542
37.2 0.000351533
37.3 0.000345625
37.4 0.000339816
37.5 0.000334105
37.6 0.00032849
37.7 0.000322969
37.8 0.000317541
37.9 0.000312205
38 0.000306958
38.1 0.000301799
38.2 0.000296727
38.3 0.00029174
38.4 0.000286837
38.5 0.000282016
38.6 0.000277277
38.7 0.000272617
38.8 0.000268035
38.9 0.00026353
39 0.000259101
39.1 0.000254747
39.2 0.000250465
39.3 0.000246256
39.4 0.000242117
39.5 0.000238048
39.6 0.000234047
39.7 0.000230114
39.8 0.000226247
39.9 0.000222444
40 0.000218706
40.1 0.00021503
40.2 0.000211416
40.3 0.000207863
40.4 0.00020437
40.5 0.000200935
40.6 0.000197558
40.7 0.000194238
40.8 0.000190973
40.9 0.000187764
41 0.000184608
41.1 0.000181506
41.2 0.000178455
41.3 0.000175456
41.4 0.000172507
41.5 0.000169608
41.6 0.000166758
41.7 0.000163955
41.8 0.000161199
41.9 0.00015849
42 0.000155827
42.1 0.000153208
42.2 0.000150633
42.3 0.000148101
42.4 0.000145612
42.5 0.000143165
42.6 0.000140759
42.7 0.000138393
42.8 0.000136067
42.9 0.000133781
43 0.000131532
43.1 0.000129322
43.2 0.000127148
43.3 0.000125011
43.4 0.00012291
43.5 0.000120845
43.6 0.000118814
43.7 0.000116817
43.8 0.000114854
43.9 0.000112923
44 0.000111026
44.1 0.00010916
44.2 0.000107325
44.3 0.000105521
44.4 0.000103748
44.5 0.000102004
44.6 0.00010029
44.7 9.86045e-05
44.8 9.69473e-05
44.9 9.5318e-05
45 9.37161e-05
45.1 9.2141e-05
45.2 9.05925e-05
45.3 8.907e-05
45.4 8.7573e-05
45.5 8.61012e-05
45.6 8.46542e-05
45.7 8.32315e-05
45.8 8.18326e-05
45.9 8.04573e-05
46 7.91051e-05
46.1 7.77757e-05
46.2 7.64686e-05
46.3 7.51834e-05
46.4 7.39198e-05
46.5 7.26775e-05
46.6 7.14561e-05
46.7 7.02552e-05
46.8 6.90744e-05
46.9 6.79136e-05
47 6.67722e-05
47.1 6.565e-05
47.2 6.45466e-05
47.3 6.34619e-05
47.4 6.23953e-05
47.5 6.13467e-05
47.6 6.03156e-05
47.7 5.9302e-05
47.8 5.83053e-05
47.9 5.73254e-05
48 5.6362e-05
48.1 5.54147e-05
48.2 5.44834e-05
48.3 5.35678e-05
48.4 5.26675e-05
48.5 5.17823e-05
48.6 5.09121e-05
48.7 5.00564e-05
48.8 4.92152e-05
48.9 4.8388e-05
49 4.75748e-05
49.1 4.67753e-05
49.2 4.59891e-05
49.3 4.52162e-05
49.4 4.44563e-05
49.5 4.37092e-05
49.6 4.29746e-05
49.7 4.22523e-05
49.8 4.15422e-05
49.9 4.0844e-05
50 4.01576e-05
50.1 3.94827e-05
50.2 3.88191e-05
50.3 3.81667e-05
50.4 3.75253e-05
50.5 3.68946e-05
50.6 3.62746e-05
50.7 3.56649e-05
50.8 3.50655e-05
50.9 3.44762e-05
51 3.38968e-05
51.1 3.33271e-05
51.2 3.2767e-05
51.3 3.22163e-05
51.4 3.16749e-05
51.5 3.11425e-05
51.6 3.06191e-05
51.7 3.01045e-05
51.8 2.95986e-05
51.9 2.91012e-05
52 2.86121e-05
52.1 2.81312e-05
52.2 2.76584e-05
52.3 2.71936e-05
52.4 2.67366e-05
52.5 2.62872e-05
52.6 2.58454e-05
52.7 2.54111e-05
52.8 2.4984e-05
52.9 2.45641e-05
53 2.41513e-05
53.1 2.37454e-05
53.2 2.33463e-05
53.3 2.29539e-05
53.4 2.25682e-05
53.5 2.21889e-05
53.6 2.1816e-05
53.7 2.14493e-05
53.8 2.10888e-05
53.9 2.07344e-05
54 2.03859e-05
54.1 2.00433e-05
54.2 1.97065e-05
54.3 1.93753e-05
54.4 1.90497e-05
54.5 1.87295e-05
54.6 1.84147e-05
54.7 1.81052e-05
54.8 1.7801e-05
54.9 1.75018e-05
55 1.72077e-05
55.1 1.69185e-05
55.2 1.66341e-05
55.3 1.63546e-05
55.4 1.60797e-05
55.5 1.58095e-05
55.6 1.55438e-05
55.7 1.52825e-05
55.8 1.50257e-05
55.9 1.47732e-05
56 1.45249e-05
56.1 1.42808e-05
56.2 1.40408e-05
56.3 1.38048e-05
56.4 1.35728e-05
56.5 1.33447e-05
56.6 1.31204e-05
56.7 1.28999e-05
56.8 1.26831e-05
56.9 1.24699e-05
57 1.22604e-05
57.1 1.20543e-05
57.2 1.18517e-05
57.3 1.16525e-05
57.4 1.14567e-05
57.5 1.12642e-05
57.6 1.10748e-05
57.7 1.08887e-05
57.8 1.07057e-05
57.9 1.05258e-05
58 1.03489e-05
58.1 1.0175e-05
58.2 1.0004e-05
58.3 9.83583e-06
58.4 9.67053e-06
58.5 9.508e-06
58.6 9.34821e-06
58.7 9.1911e-06
58.8 9.03663e-06
58.9 8.88476e-06
59 8.73544e-06
59.1 8.58863e-06
59.2 8.44428e-06
59.3 8.30237e-06
59.4 8.16283e-06
59.5 8.02565e-06
59.6 7.89077e-06
59.7 7.75815e-06
59.8 7.62777e-06
59.9 7.49957e-06
60 7.37353e-06
60.1 7.24961e-06
60.2 7.12777e-06
60.3 7.00798e-06
60.4 6.8902e-06
60.5 6.7744e-06
60.6 6.66055e-06
60.7 6.54861e-06
60.8 6.43855e-06
60.9 6.33034e-06
61 6.22395e-06
61.1 6.11935e-06
61.2 6.01651e-06
61.3 5.91539e-06
61.4 5.81598e-06
61.5 5.71823e-06
61.6 5.62213e-06
61.7 5.52764e-06
61.8 5.43474e-06
61.9 5.3434e-06
62 5.2536e-06
62.1 5.16531e-06
62.2 5.0785e-06
62.3 4.99315e-06
62.4 4.90923e-06
62.5 4.82672e-06
62.6 4.7456e-06
62.7 4.66585e-06
62.8 4.58743e-06
62.9 4.51033e-06
63 4.43453e-06
63.1 4.36e-06
63.2 4.28673e-06
63.3 4.21468e-06
63.4 4.14385e-06
63.5 4.07421e-06
63.6 4.00574e-06
63.7 3.93841e-06
63.8 3.87222e-06
63.9 3.80715e-06
64 3.74316e-06
64.1 3.68025e-06
64.2 3.6184e-06
64.3 3.55759e-06
64.4 3.4978e-06
64.5 3.43901e-06
64.6 3.38122e-06
64.7 3.32439e-06
64.8 3.26852e-06
64.9 3.21359e-06
65 3.15958e-06
65.1 3.10648e-06
65.2 3.05427e-06
65.3 3.00294e-06
65.4 2.95247e-06
65.5 2.90285e-06
65.6 2.85406e-06
65.7 2.8061e-06
65.8 2.75894e-06
65.9 2.71257e-06
66 2.66698e-06
66.1 2.62216e-06
66.2 2.57809e-06
66.3 2.53476e-06
66.4 2.49216e-06
66.5 2.45028e-06
66.6 2.4091e-06
66.7 2.36861e-06
66.8 2.3288e-06
66.9 2.28966e-06
67 2.25118e-06
67.1 2.21335e-06
67.2 2.17615e-06
67.3 2.13958e-06
67.4 2.10362e-06
67.5 2.06827e-06
67.6 2.03351e-06
67.7 1.99933e-06
67.8 1.96573e-06
67.9 1.93269e-06
68 1.90021e-06
68.1 1.86827e-06
68.2 1.83688e-06
68.3 1.806e-06
68.4 1.77565e-06
68.5 1.74581e-06
68.6 1.71647e-06
68.7 1.68762e-06
68.8 1.65926e-06
68.9 1.63137e-06
69 1.60396e-06
69.1 1.577e-06
69.2 1.5505e-06
69.3 1.52444e-06
69.4 1.49882e-06
69.5 1.47363e-06
69.6 1.44886e-06
69.7 1.42451e-06
69.8 1.40057e-06
69.9 1.37703e-06
70 1.35389e-06
70.1 1.33114e-06
70.2 1.30876e-06
70.3 1.28677e-06
70.4 1.26514e-06
70.5 1.24388e-06
70.6 1.22298e-06
70.7 1.20242e-06
70.8 1.18221e-06
70.9 1.16234e-06
71 1.14281e-06
71.1 1.1236e-06
71.2 1.10472e-06
71.3 1.08615e-06
71.4 1.0679e-06
71.5 1.04995e-06
71.6 1.03231e-06
71.7 1.01496e-06
71.8 9.97899e-07
71.9 9.81128e-07
72 9.64639e-07
72.1 9.48427e-07
72.2 9.32487e-07
72.3 9.16815e-07
72.4 9.01407e-07
72.5 8.86258e-07
72.6 8.71363e-07
72.7 8.56719e-07
72.8 8.4232e-07
72.9 8.28164e-07
73 8.14246e-07
73.1 8.00561e-07
73.2 7.87107e-07
73.3 7.73878e-07
73.4 7.60872e-07
73.5 7.48085e-07
73.6 7.35512e-07
73.7 7.23151e-07
73.8 7.10997e-07
73.9 6.99048e-07
74 6.873e-07
74.1 6.75749e-07
74.2 6.64392e-07
74.3 6.53226e-07
74.4 6.42248e-07
74.5 6.31454e-07
74.6 6.20841e-07
74.7 6.10407e-07
74.8 6.00149e-07
74.9 5.90062e-07
75 5.80146e-07
75.1 5.70395e-07
75.2 5.60809e-07
75.3 5.51384e-07
75.4 5.42117e-07
75.5 5.33006e-07
75.6 5.24048e-07
75.7 5.15241e-07
75.8 5.06582e-07
75.9 4.98068e-07
76 4.89697e-07
76.1 4.81467e-07
76.2 4.73376e-07
76.3 4.6542e-07
76.4 4.57598e-07
76.5 4.49907e-07
76.6 4.42346e-07
76.7 4.34912e-07
76.8 4.27603e-07
76.9 4.20416e-07
77 4.13351e-07
77.1 4.06404e-07
77.2 3.99573e-07
77.3 3.92858e-07
77.4 3.86256e-07
77.5 3.79764e-07
77.6 3.73382e-07
77.7 3.67106e-07
77.8 3.60937e-07
77.9 3.54871e-07
78 3.48907e-07
78.1 3.43043e-07
78.2 3.37278e-07
78.3 3.31609e-07
78.4 3.26036e-07
78.5 3.20557e-07
78.6 3.15169e-07
78.7 3.09872e-07
78.8 3.04665e-07
78.9 2.99544e-07
79 2.9451e-07
79.1 2.8956e-07
79.2 2.84694e-07
79.3 2.79909e-07
79.4 2.75205e-07
79.5 2.7058e-07
79.6 2.66032e-07
79.7 2.61561e-07
79.8 2.57165e-07
79.9 2.52843e-07
80 2.48594e-07
80.1 2.44416e-07
80.2 2.40308e-07
80.3 2.3627e-07
80.4 2.32299e-07
80.5 2.28395e-07
80.6 2.24556e-07
80.7 2.20782e-07
80.8 2.17072e-07
80.9 2.13424e-07
81 2.09837e-07
81.1 2.0631e-07
81.2 2.02843e-07
81.3 1.99434e-07
81.4 1.96082e-07
81.5 1.92787e-07
81.6 1.89547e-07
81.7 1.86361e-07
81.8 1.83229e-07
81.9 1.8015e-07
82 1.77122e-07
82.1 1.74145e-07
82.2 1.71218e-07
82.3 1.68341e-07
82.4 1.65512e-07
82.5 1.6273e-07
82.6 1.59995e-07
82.7 1.57306e-07
82.8 1.54662e-07
82.9 1.52063e-07
83 1.49508e-07
83.1 1.46995e-07
83.2 1.44524e-07
83.3 1.42095e-07
83.4 1.39707e-07
83.5 1.37359e-07
83.6 1.35051e-07
83.7 1.32781e-07
83.8 1.3055e-07
83.9 1.28356e-07
84 1.26198e-07
84.1 1.24077e-07
84.2 1.21992e-07
84.3 1.19942e-07
84.4 1.17926e-07
84.5 1.15944e-07
84.6 1.13996e-07
84.7 1.1208e-07
84.8 1.10196e-07
84.9 1.08344e-07
85 1.06523e-07
85.1 1.04733e-07
85.2 1.02973e-07
85.3 1.01242e-07
85.4 9.95408e-08
85.5 9.78678e-08
85.6 9.6223e-08
85.7 9.46059e-08
85.8 9.30159e-08
85.9 9.14527e-08
86 8.99157e-08
86.1 8.84045e-08
86.2 8.69188e-08
86.3 8.5458e-08
86.4 8.40217e-08
86.5 8.26096e-08
86.6 8.12213e-08
86.7 7.98563e-08
86.8 7.85142e-08
86.9 7.71946e-08
87 7.58973e-08
87.1 7.46217e-08
87.2 7.33676e-08
87.3 7.21346e-08
87.4 7.09222e-08
87.5 6.97303e-08
87.6 6.85584e-08
87.7 6.74062e-08
87.8 6.62733e-08
87.9 6.51595e-08
88 6.40644e-08
88.1 6.29877e-08
88.2 6.19291e-08
88.3 6.08883e-08
88.4 5.9865e-08
88.5 5.88589e-08
88.6 5.78697e-08
88.7 5.68971e-08
88.8 5.59409e-08
88.9 5.50007e-08
89 5.40764e-08
89.1 5.31676e-08
89.2 5.2274e-08
89.3 5.13955e-08
89.4 5.05317e-08
89.5 4.96825e-08
89.6 4.88475e-08
89.7 4.80265e-08
89.8 4.72194e-08
89.9 4.64258e-08
90 4.56456e-08
90.1 4.48784e-08
90.2 4.41242e-08
90.3 4.33826e-08
90.4 4.26535e-08
90.5 4.19367e-08
90.6 4.12319e-08
90.7 4.05389e-08
90.8 3.98576e-08
90.9 3.91877e-08
91 3.85291e-08
91.1 3.78816e-08
91.2 3.72449e-08
91.3 3.6619e-08
91.4 3.60036e-08
91.5 3.53985e-08
91.6 3.48036e-08
91.7 3.42186e-08
91.8 3.36436e-08
91.9 3.30781e-08
92 3.25222e-08
92.1 3.19756e-08
92.2 3.14382e-08
92.3 3.09099e-08
92.4 3.03904e-08
92.5 2.98796e-08
92.6 2.93775e-08
92.7 2.88837e-08
92.8 2.83983e-08
92.9 2.7921e-08
93 2.74518e-08
93.1 2.69904e-08
93.2 2.65368e-08
93.3 2.60908e-08
93.4 2.56523e-08
93.5 2.52212e-08
93.6 2.47973e-08
93.7 2.43806e-08
93.8 2.39708e-08
93.9 2.3568e-08
94 2.31719e-08
94.1 2.27825e-08
94.2 2.23996e-08
94.3 2.20231e-08
94.4 2.1653e-08
94.5 2.12891e-08
94.6 2.09313e-08
94.7 2.05795e-08
94.8 2.02336e-08
94.9 1.98936e-08
95 1.95593e-08
95.1 1.92305e-08
95.2 1.89073e-08
95.3 1.85896e-08
95.4 1.82772e-08
95.5 1.797e-08
95.6 1.7668e-08
95.7 1.7371e-08
95.8 1.70791e-08
95.9 1.67921e-08
96 1.65098e-08
96.1 1.62324e-08
96.2 1.59596e-08
96.3 1.56913e-08
96.4 1.54276e-08
96.5 1.51684e-08
96.6 1.49134e-08
96.7 1.46628e-08
96.8 1.44164e-08
96.9 1.41741e-08
97 1.39359e-08
97.1 1.37017e-08
97.2 1.34714e-08
97.3 1.3245e-08
97.4 1.30224e-08
97.5 1.28035e-08
97.6 1.25883e-08
97.7 1.23768e-08
97.8 1.21688e-08
97.9 1.19643e-08
98 1.17632e-08
98.1 1.15655e-08
98.2 1.13711e-08
98.3 1.118e-08
98.4 1.09921e-08
98.5 1.08074e-08
98.6 1.06257e-08
98.7 1.04472e-08
98.8 1.02716e-08
98.9 1.0099e-08
99 9.92922e-09
99.1 9.76235e-09
99.2 9.59828e-09
99.3 9.43697e-09
99.4 9.27837e-09
99.5 9.12243e-09
99.6 8.96912e-09
99.7 8.81838e-09
99.8 8.67018e-09
99.9 8.52446e-09
100 8.3812e-09
100.1 8.24034e-09
100.2 8.10185e-09
100.3 7.96569e-09
100.4 7.83181e-09
100.5 7.70019e-09
100.6 7.57078e-09
100.7 7.44354e-09
100.8 7.31844e-09
100.9 7.19545e-09
101 7.07452e-09
101.1 6.95562e-09
101.2 6.83872e-09
101.3 6.72379e-09
101.4 6.61079e-09
101.5 6.49968e-09
101.6 6.39045e-09
101.7 6.28305e-09
101.8 6.17745e-09
101.9 6.07363e-09
102 5.97156e-09
102.1 5.8712e-09
102.2 5.77252e-09
102.3 5.67551e-09
102.4 5.58013e-09
102.5 5.48634e-09
102.6 5.39414e-09
102.7 5.30348e-09
102.8 5.21435e-09
102.9 5.12672e-09
103 5.04056e-09
103.1 4.95584e-09
103.2 4.87255e-09
103.3 4.79066e-09
103.4 4.71015e-09
103.5 4.63099e-09
103.6 4.55316e-09
103.7 4.47664e-09
103.8 4.4014e-09
103.9 4.32743e-09
104 4.2547e-09
104.1 4.1832e-09
104.2 4.11289e-09
104.3 4.04377e-09
104.4 3.97581e-09
104.5 3.90899e-09
104.6 3.84329e-09
104.7 3.7787e-09
104.8 3.7152e-09
104.9 3.65276e-09
105 3.59137e-09
105.1 3.53101e-09
105.2 3.47167e-09
105.3 3.41332e-09
105.4 3.35596e-09
105.5 3.29955e-09
105.6 3.2441e-09
105.7 3.18958e-09
105.8 3.13597e-09
105.9 3.08327e-09
106 3.03145e-09
106.1 2.9805e-09
106.2 2.93041e-09
106.3 2.88116e-09
106.4 2.83274e-09
106.5 2.78513e-09
106.6 2.73833e-09
106.7 2.6923e-09
106.8 2.64706e-09
106.9 2.60257e-09
107 2.55883e-09
107.1 2.51583e-09
107.2 2.47354e-09
107.3 2.43197e-09
107.4 2.3911e-09
107.5 2.35091e-09
107.6 2.3114e-09
107.7 2.27256e-09
107.8 2.23436e-09
107.9 2.19681e-09
108 2.15989e-09
108.1 2.12359e-09
108.2 2.0879e-09
108.3 2.05281e-09
108.4 2.01831e-09
108.5 1.98439e-09
108.6 1.95104e-09
108.7 1.91825e-09
108.8 1.88601e-09
108.9 1.85432e-09
109 1.82315e-09
109.1 1.79251e-09
109.2 1.76239e-09
109.3 1.73277e-09
109.4 1.70365e-09
109.5 1.67501e-09
109.6 1.64686e-09
109.7 1.61919e-09
109.8 1.59197e-09
109.9 1.56522e-09
110 1.53891e-09
110.1 1.51305e-09
110.2 1.48762e-09
110.3 1.46262e-09
110.4 1.43804e-09
110.5 1.41387e-09
110.6 1.39011e-09
110.7 1.36674e-09
110.8 1.34377e-09
110.9 1.32119e-09
111 1.29899e-09
111.1 1.27715e-09
111.2 1.25569e-09
111.3 1.23459e-09
111.4 1.21384e-09
111.5 1.19344e-09
111.6 1.17338e-09
111.7 1.15366e-09
111.8 1.13427e-09
111.9 1.11521e-09
112 1.09647e-09
112.1 1.07804e-09
112.2 1.05992e-09
112.3 1.04211e-09
112.4 1.02459e-09
112.5 1.00737e-09
112.6 9.90444e-10
112.7 9.73798e-10
112.8 9.57432e-10
112.9 9.41341e-10
113 9.25521e-10
113.1 9.09966e-10
113.2 8.94673e-10
113.3 8.79637e-10
113.4 8.64853e-10
113.5 8.50318e-10
113.6 8.36027e-10
113.7 8.21977e-10
113.8 8.08162e-10
113.9 7.9458e-10
114 7.81226e-10
114.1 7.68097e-10
114.2 7.55188e-10
114.3 7.42496e-10
114.4 7.30017e-10
114.5 7.17748e-10
114.6 7.05686e-10
114.7 6.93826e-10
114.8 6.82165e-10
114.9 6.707e-10
115 6.59428e-10
115.1 6.48346e-10
115.2 6.37449e-10
115.3 6.26736e-10
115.4 6.16203e-10
115.5 6.05847e-10
115.6 5.95665e-10
115.7 5.85654e-10
115.8 5.75811e-10
115.9 5.66134e-10
116 5.56619e-10
116.1 5.47265e-10
116.2 5.38067e-10
116.3 5.29024e-10
116.4 5.20133e-10
116.5 5.11392e-10
116.6 5.02797e-10
116.7 4.94347e-10
116.8 4.86039e-10
116.9 4.7787e-10
117 4.69839e-10
117.1 4.61943e-10
117.2 4.54179e-10
117.3 4.46546e-10
117.4 4.39041e-10
117.5 4.31663e-10
117.6 4.24408e-10
117.7 4.17275e-10
117.8 4.10262e-10
117.9 4.03367e-10
118 3.96588e-10
118.1 3.89923e-10
118.2 3.8337e-10
118.3 3.76927e-10
118.4 3.70592e-10
118.5 3.64364e-10
118.6 3.5824e-10
118.7 3.5222e-10
118.8 3.463e-10
118.9 3.4048e-10
119 3.34758e-10
119.1 3.29132e-10
119.2 3.236e-10
119.3 3.18162e-10
119.4 3.12815e-10
119.5 3.07557e-10
119.6 3.02388e-10
119.7 2.97306e-10
119.8 2.9231e-10
119.9 2.87397e-10
120 2.82567e-10
120.1 2.77818e-10
120.2 2.73149e-10
120.3 2.68558e-10
120.4 2.64045e-10
120.5 2.59607e-10
120.6 2.55244e-10
120.7 2.50954e-10
120.8 2.46737e-10
120.9 2.4259e-10
121 2.38513e-10
121.1 2.34505e-10
121.2 2.30563e-10
121.3 2.26688e-10
121.4 2.22879e-10
121.5 2.19133e-10
121.6 2.1545e-10
121.7 2.11829e-10
121.8 2.08269e-10
121.9 2.04769e-10
122 2.01327e-10
122.1 1.97944e-10
122.2 1.94617e-10
122.3 1.91346e-10
122.4 1.88131e-10
122.5 1.84969e-10
122.6 1.8186e-10
122.7 1.78804e-10
122.8 1.75799e-10
122.9 1.72844e-10
123 1.69939e-10
123.1 1.67083e-10
123.2 1.64275e-10
123.3 1.61514e-10
123.4 1.588e-10
123.5 1.56131e-10
123.6 1.53507e-10
123.7 1.50927e-10
123.8 1.48391e-10
123.9 1.45897e-10
124 1.43445e-10
124.1 1.41034e-10
124.2 1.38664e-10
124.3 1.36333e-10
124.4 1.34042e-10
124.5 1.31789e-10
124.6 1.29574e-10
124.7 1.27397e-10
124.8 1.25256e-10
124.9 1.2315e-10
125 1.21081e-10
125.1 1.19046e-10
125.2 1.17045e-10
125.3 1.15078e-10
125.4 1.13144e-10
125.5 1.11242e-10
125.6 1.09373e-10
125.7 1.07535e-10
125.8 1.05727e-10
125.9 1.03951e-10
126 1.02204e-10
126.1 1.00486e-10
126.2 9.87971e-11
126.3 9.71367e-11
126.4 9.55042e-11
126.5 9.38991e-11
126.6 9.2321e-11
126.7 9.07694e-11
126.8 8.92439e-11
126.9 8.77441e-11
127 8.62694e-11
127.1 8.48195e-11
127.2 8.3394e-11
127.3 8.19925e-11
127.4 8.06145e-11
127.5 7.92597e-11
127.6 7.79276e-11
127.7 7.66179e-11
127.8 7.53302e-11
127.9 7.40642e-11
128 7.28195e-11
128.1 7.15956e-11
128.2 7.03924e-11
128.3 6.92094e-11
128.4 6.80462e-11
128.5 6.69026e-11
128.6 6.57782e-11
128.7 6.46727e-11
128.8 6.35858e-11
128.9 6.25172e-11
129 6.14665e-11
129.1 6.04335e-11
129.2 5.94178e-11
129.3 5.84192e-11
129.4 5.74374e-11
129.5 5.64721e-11
129.6 5.5523e-11
129.7 5.45898e-11
129.8 5.36724e-11
129.9 5.27704e-11
130 5.18835e-11
130.1 5.10115e-11
130.2 5.01542e-11
130.3 4.93113e-11
130.4 4.84825e-11
130.5 4.76677e-11
130.6 4.68666e-11
130.7 4.6079e-11
130.8 4.53045e-11
130.9 4.45431e-11
131 4.37945e-11
131.1 4.30585e-11
131.2 4.23348e-11
131.3 4.16234e-11
131.4 4.09238e-11
131.5 4.0236e-11
131.6 3.95598e-11
131.7 3.8895e-11
131.8 3.82413e-11
131.9 3.75986e-11
132 3.69667e-11
132.1 3.63454e-11
132.2 3.57346e-11
132.3 3.5134e-11
132.4 3.45435e-11
132.5 3.3963e-11
132.6 3.33922e-11
132.7 3.2831e-11
132.8 3.22792e-11
132.9 3.17367e-11
133 3.12034e-11
133.1 3.06789e-11
133.2 3.01633e-11
133.3 2.96564e-11
133.4 2.9158e-11
133.5 2.8668e-11
133.6 2.81862e-11
133.7 2.77124e-11
133.8 2.72467e-11
133.9 2.67888e-11
134 2.63386e-11
134.1 2.58959e-11
134.2 2.54607e-11
134.3 2.50328e-11
134.4 2.46121e-11
134.5 2.41984e-11
134.6 2.37918e-11
134.7 2.33919e-11
134.8 2.29988e-11
134.9 2.26123e-11
135 2.22322e-11
135.1 2.18586e-11
135.2 2.14912e-11
135.3 2.113e-11
135.4 2.07749e-11
135.5 2.04258e-11
135.6 2.00825e-11
135.7 1.9745e-11
135.8 1.94131e-11
135.9 1.90869e-11
136 1.87661e-11
136.1 1.84507e-11
136.2 1.81406e-11
136.3 1.78357e-11
136.4 1.7536e-11
136.5 1.72413e-11
136.6 1.69515e-11
136.7 1.66666e-11
136.8 1.63865e-11
136.9 1.61111e-11
137 1.58403e-11
137.1 1.55741e-11
137.2 1.53124e-11
137.3 1.5055e-11
137.4 1.4802e-11
137.5 1.45532e-11
137.6 1.43087e-11
137.7 1.40682e-11
137.8 1.38317e-11
137.9 1.35993e-11
138 1.33707e-11
138.1 1.3146e-11
138.2 1.29251e-11
138.3 1.27079e-11
138.4 1.24943e-11
138.5 1.22843e-11
138.6 1.20779e-11
138.7 1.18749e-11
138.8 1.16753e-11
138.9 1.14791e-11
139 1.12862e-11
139.1 1.10965e-11
139.2 1.091e-11
139.3 1.07266e-11
139.4 1.05464e-11
139.5 1.03691e-11
139.6 1.01948e-11
139.7 1.00235e-11
139.8 9.85504e-12
139.9 9.68942e-12
140 9.52657e-12
140.1 9.36647e-12
140.2 9.20905e-12
140.3 9.05428e-12
140.4 8.90211e-12
140.5 8.7525e-12
140.6 8.6054e-12
140.7 8.46078e-12
140.8 8.31858e-12
140.9 8.17878e-12
141 8.04132e-12
141.1 7.90618e-12
141.2 7.7733e-12
141.3 7.64266e-12
141.4 7.51422e-12
141.5 7.38793e-12
141.6 7.26377e-12
141.7 7.14169e-12
141.8 7.02167e-12
141.9 6.90366e-12
142 6.78763e-12
142.1 6.67356e-12
142.2 6.5614e-12
142.3 6.45113e-12
142.4 6.34271e-12
142.5 6.23611e-12
142.6 6.1313e-12
142.7 6.02826e-12
142.8 5.92694e-12
142.9 5.82733e-12
143 5.7294e-12
143.1 5.63311e-12
143.2 5.53844e-12
143.3 5.44536e-12
143.4 5.35384e-12
143.5 5.26386e-12
143.6 5.17539e-12
143.7 5.08842e-12
143.8 5.0029e-12
143.9 4.91882e-12
144 4.83615e-12
144.1 4.75487e-12
144.2 4.67496e-12
144.3 4.59639e-12
144.4 4.51914e-12
144.5 4.44319e-12
144.6 4.36852e-12
144.7 4.2951e-12
144.8 4.22292e-12
144.9 4.15194e-12
145 4.08217e-12
145.1 4.01356e-12
145.2 3.94611e-12
145.3 3.87979e-12
145.4 3.81458e-12
145.5 3.75047e-12
145.6 3.68744e-12
145.7 3.62547e-12
145.8 3.56454e-12
145.9 3.50463e-12
146 3.44573e-12
146.1 3.38782e-12
146.2 3.33088e-12
146.3 3.2749e-12
146.4 3.21986e-12
146.5 3.16575e-12
146.6 3.11255e-12
146.7 3.06024e-12
146.8 3.0088e-12
146.9 2.95824e-12
147 2.90852e-12
147.1 2.85964e-12
147.2 2.81158e-12
147.3 2.76433e-12
147.4 2.71787e-12
147.5 2.67219e-12
147.6 2.62728e-12
147.7 2.58313e-12
147.8 2.53971e-12
147.9 2.49703e-12
148 2.45506e-12
148.1 2.4138e-12
148.2 2.37324e-12
148.3 2.33335e-12
148.4 2.29414e-12
148.5 2.25558e-12
148.6 2.21767e-12
148.7 2.1804e-12
148.8 2.14376e-12
148.9 2.10773e-12
149 2.0723e-12
149.1 2.03748e-12
149.2 2.00323e-12
149.3 1.96957e-12
149.4 1.93647e-12
149.5 1.90392e-12
149.6 1.87192e-12
149.7 1.84046e-12
149.8 1.80953e-12
149.9 1.77912e-12
150 1.74922e-12
150.1 1.71982e-12
150.2 1.69092e-12
150.3 1.6625e-12
150.4 1.63456e-12
150.5 1.60709e-12
150.6 1.58008e-12
150.7 1.55352e-12
150.8 1.52741e-12
150.9 1.50174e-12
151 1.47651e-12
151.1 1.45169e-12
151.2 1.42729e-12
151.3 1.40331e-12
151.4 1.37972e-12
151.5 1.35653e-12
151.6 1.33374e-12
151.7 1.31132e-12
151.8 1.28928e-12
151.9 1.26761e-12
152 1.24631e-12
152.1 1.22536e-12
152.2 1.20477e-12
152.3 1.18452e-12
152.4 1.16461e-12
152.5 1.14504e-12
152.6 1.1258e-12
152.7 1.10688e-12
152.8 1.08827e-12
152.9 1.06998e-12
153 1.052e-12
153.1 1.03432e-12
153.2 1.01694e-12
153.3 9.99848e-13
153.4 9.83044e-13
153.5 9.66523e-13
153.6 9.50279e-13
153.7 9.34308e-13
153.8 9.18606e-13
153.9 9.03168e-13
154 8.87989e-13
154.1 8.73065e-13
154.2 8.58392e-13
154.3 8.43965e-13
154.4 8.29782e-13
154.5 8.15836e-13
154.6 8.02125e-13
154.7 7.88644e-13
154.8 7.7539e-13
154.9 7.62358e-13
155 7.49546e-13
155.1 7.36949e-13
155.2 7.24563e-13
155.3 7.12386e-13
155.4 7.00414e-13
155.5 6.88642e-13
155.6 6.77069e-13
155.7 6.6569e-13
155.8 6.54502e-13
155.9 6.43502e-13
156 6.32687e-13
156.1 6.22054e-13
156.2 6.116e-13
156.3 6.01321e-13
156.4 5.91215e-13
156.5 5.81279e-13
156.6 5.71509e-13
156.7 5.61905e-13
156.8 5.52461e-13
156.9 5.43176e-13
157 5.34047e-13
157.1 5.25072e-13
157.2 5.16247e-13
157.3 5.07571e-13
157.4 4.99041e-13
157.5 4.90654e-13
157.6 4.82408e-13
157.7 4.743e-13
157.8 4.66329e-13
157.9 4.58492e-13
158 4.50786e-13
158.1 4.4321e-13
158.2 4.35761e-13
158.3 4.28438e-13
158.4 4.21237e-13
158.5 4.14158e-13
158.6 4.07197e-13
158.7 4.00354e-13
158.8 3.93625e-13
158.9 3.8701e-13
159 3.80506e-13
159.1 3.74111e-13
159.2 3.67823e-13
159.3 3.61642e-13
159.4 3.55564e-13
159.5 3.49588e-13
159.6 3.43713e-13
159.7 3.37936e-13
159.8 3.32257e-13
159.9 3.26673e-13
160 3.21183e-13
160.1 3.15785e-13
160.2 3.10478e-13
160.3 3.0526e-13
160.4 3.00129e-13
160.5 2.95085e-13
160.6 2.90126e-13
160.7 2.8525e-13
160.8 2.80456e-13
160.9 2.75743e-13
161 2.71108e-13
161.1 2.66552e-13
161.2 2.62072e-13
161.3 2.57668e-13
161.4 2.53337e-13
161.5 2.4908e-13
161.6 2.44894e-13
161.7 2.40778e-13
161.8 2.36731e-13
161.9 2.32753e-13
162 2.28841e-13
162.1 2.24995e-13
162.2 2.21214e-13
162.3 2.17496e-13
162.4 2.1384e-13
162.5 2.10247e-13
162.6 2.06713e-13
162.7 2.03239e-13
162.8 1.99823e-13
162.9 1.96465e-13
163 1.93163e-13
163.1 1.89917e-13
163.2 1.86725e-13
163.3 1.83587e-13
163.4 1.80501e-13
163.5 1.77468e-13
163.6 1.74485e-13
163.7 1.71553e-13
163.8 1.6867e-13
163.9 1.65835e-13
164 1.63048e-13
164.1 1.60308e-13
164.2 1.57613e-13
164.3 1.54965e-13
164.4 1.5236e-13
164.5 1.498e-13
164.6 1.47282e-13
164.7 1.44807e-13
164.8 1.42373e-13
164.9 1.3998e-13
165 1.37628e-13
165.1 1.35315e-13
165.2 1.33041e-13
165.3 1.30805e-13
165.4 1.28606e-13
165.5 1.26445e-13
165.6 1.2432e-13
165.7 1.2223e-13
165.8 1.20176e-13
165.9 1.18156e-13
166 1.16171e-13
166.1 1.14218e-13
166.2 1.12299e-13
166.3 1.10411e-13
166.4 1.08556e-13
166.5 1.06731e-13
166.6 1.04938e-13
166.7 1.03174e-13
166.8 1.0144e-13
166.9 9.97352e-14
167 9.8059e-14
167.1 9.6411e-14
167.2 9.47907e-14
167.3 9.31976e-14
167.4 9.16313e-14
167.5 9.00913e-14
167.6 8.85772e-14
167.7 8.70885e-14
167.8 8.56249e-14
167.9 8.41859e-14
168 8.2771e-14
168.1 8.13799e-14
168.2 8.00122e-14
168.3 7.86675e-14
168.4 7.73454e-14
168.5 7.60455e-14
168.6 7.47675e-14
168.7 7.35109e-14
168.8 7.22754e-14
168.9 7.10608e-14
169 6.98665e-14
169.1 6.86923e-14
169.2 6.75378e-14
169.3 6.64028e-14
169.4 6.52868e-14
169.5 6.41895e-14
169.6 6.31108e-14
169.7 6.20501e-14
169.8 6.10073e-14
169.9 5.9982e-14
170 5.89739e-14
170.1 5.79827e-14
170.2 5.70083e-14
170.3 5.60502e-14
170.4 5.51082e-14
170.5 5.4182e-14
170.6 5.32714e-14
170.7 5.23761e-14
170.8 5.14959e-14
170.9 5.06304e-14
171 4.97795e-14
171.1 4.89429e-14
171.2 4.81203e-14
171.3 4.73116e-14
171.4 4.65165e-14
171.5 4.57347e-14
171.6 4.49661e-14
171.7 4.42104e-14
171.8 4.34673e-14
171.9 4.27368e-14
172 4.20186e-14
172.1 4.13124e-14
172.2 4.06181e-14
172.3 3.99354e-14
172.4 3.92643e-14
172.5 3.86044e-14
172.6 3.79556e-14
172.7 3.73177e-14
172.8 3.66905e-14
172.9 3.60739e-14
173 3.54676e-14
173.1 3.48715e-14
173.2 3.42855e-14
173.3 3.37093e-14
173.4 3.31427e-14
173.5 3.25857e-14
173.6 3.20381e-14
173.7 3.14996e-14
173.8 3.09702e-14
173.9 3.04497e-14
174 2.9938e-14
174.1 2.94349e-14
174.2 2.89402e-14
174.3 2.84538e-14
174.4 2.79756e-14
174.5 2.75054e-14
174.6 2.70431e-14
174.7 2.65887e-14
174.8 2.61418e-14
174.9 2.57024e-14
175 2.52705e-14
175.1 2.48458e-14
175.2 2.44282e-14
175.3 2.40177e-14
175.4 2.3614e-14
175.5 2.32172e-14
175.6 2.2827e-14
175.7 2.24433e-14
175.8 2.20661e-14
175.9 2.16953e-14
176 2.13307e-14
176.1 2.09722e-14
176.2 2.06197e-14
176.3 2.02732e-14
176.4 1.99324e-14
176.5 1.95975e-14
176.6 1.92681e-14
176.7 1.89443e-14
176.8 1.86259e-14
176.9 1.83129e-14
177 1.80051e-14
177.1 1.77025e-14
177.2 1.7405e-14
177.3 1.71125e-14
177.4 1.68249e-14
177.5 1.65421e-14
177.6 1.62641e-14
177.7 1.59907e-14
177.8 1.5722e-14
177.9 1.54578e-14
178 1.5198e-14
178.1 1.49426e-14
178.2 1.46914e-14
178.3 1.44445e-14
178.4 1.42018e-14
178.5 1.39631e-14
178.6 1.37284e-14
178.7 1.34977e-14
178.8 1.32708e-14
178.9 1.30478e-14
179 1.28285e-14
179.1 1.26129e-14
179.2 1.24009e-14
179.3 1.21925e-14
179.4 1.19876e-14
179.5 1.17862e-14
179.6 1.15881e-14
179.7 1.13933e-14
179.8 1.12018e-14
179.9 1.10136e-14
180 1.08285e-14
180.1 1.06465e-14
180.2 1.04676e-14
180.3 1.02916e-14
180.4 1.01187e-14
180.5 9.94862e-15
180.6 9.78142e-15
180.7 9.61703e-15
180.8 9.4554e-15
180.9 9.29649e-15
181 9.14025e-15
181.1 8.98664e-15
181.2 8.8356e-15
181.3 8.68711e-15
181.4 8.54111e-15
181.5 8.39757e-15
181.6 8.25644e-15
181.7 8.11768e-15
181.8 7.98125e-15
181.9 7.84711e-15
182 7.71523e-15
182.1 7.58557e-15
182.2 7.45808e-15
182.3 7.33274e-15
182.4 7.2095e-15
182.5 7.08834e-15
182.6 6.96921e-15
182.7 6.85208e-15
182.8 6.73692e-15
182.9 6.6237e-15
183 6.51238e-15
183.1 6.40293e-15
183.2 6.29532e-15
183.3 6.18952e-15
183.4 6.0855e-15
183.5 5.98322e-15
183.6 5.88267e-15
183.7 5.7838e-15
183.8 5.68659e-15
183.9 5.59102e-15
184 5.49706e-15
184.1 5.40467e-15
184.2 5.31384e-15
184.3 5.22454e-15
184.4 5.13673e-15
184.5 5.0504e-15
184.6 4.96552e-15
184.7 4.88207e-15
184.8 4.80002e-15
184.9 4.71935e-15
185 4.64003e-15
185.1 4.56205e-15
185.2 4.48538e-15
185.3 4.41e-15
185.4 4.33588e-15
185.5 4.26301e-15
185.6 4.19137e-15
185.7 4.12093e-15
185.8 4.05167e-15
185.9 3.98357e-15
186 3.91662e-15
186.1 3.8508e-15
186.2 3.78608e-15
186.3 3.72245e-15
186.4 3.65989e-15
186.5 3.59838e-15
186.6 3.53791e-15
186.7 3.47845e-15
186.8 3.41999e-15
186.9 3.36251e-15
187 3.306e-15
187.1 3.25044e-15
187.2 3.19581e-15
187.3 3.1421e-15
187.4 3.08929e-15
187.5 3.03737e-15
187.6 2.98633e-15
187.7 2.93614e-15
187.8 2.88679e-15
187.9 2.83827e-15
188 2.79057e-15
188.1 2.74367e-15
188.2 2.69756e-15
188.3 2.65223e-15
188.4 2.60765e-15
188.5 2.56383e-15
188.6 2.52074e-15
188.7 2.47838e-15
188.8 2.43672e-15
188.9 2.39577e-15
189 2.35551e-15
189.1 2.31592e-15
189.2 2.277e-15
189.3 2.23873e-15
189.4 2.2011e-15
189.5 2.16411e-15
189.6 2.12774e-15
189.7 2.09198e-15
189.8 2.05682e-15
189.9 2.02226e-15
190 1.98827e-15
190.1 1.95485e-15
190.2 1.922e-15
190.3 1.8897e-15
190.4 1.85794e-15
190.5 1.82671e-15
190.6 1.79601e-15
190.7 1.76583e-15
190.8 1.73615e-15
190.9 1.70697e-15
191 1.67829e-15
191.1 1.65008e-15
191.2 1.62235e-15
191.3 1.59508e-15
191.4 1.56827e-15
191.5 1.54192e-15
191.6 1.516e-15
191.7 1.49053e-15
191.8 1.46547e-15
191.9 1.44085e-15
192 1.41663e-15
192.1 1.39282e-15
192.2 1.36941e-15
192.3 1.3464e-15
192.4 1.32377e-15
192.5 1.30152e-15
192.6 1.27965e-15
192.7 1.25814e-15
192.8 1.237e-15
192.9 1.21621e-15
193 1.19577e-15
193.1 1.17567e-15
193.2 1.15591e-15
193.3 1.13649e-15
193.4 1.11739e-15
193.5 1.09861e-15
193.6 1.08014e-15
193.7 1.06199e-15
193.8 1.04414e-15
193.9 1.02659e-15
194 1.00934e-15
194.1 9.92378e-16
194.2 9.757e-16
194.3 9.59302e-16
194.4 9.4318e-16
194.5 9.27328e-16
194.6 9.11743e-16
194.7 8.9642e-16
194.8 8.81355e-16
194.9 8.66542e-16
195 8.51979e-16
195.1 8.3766e-16
195.2 8.23582e-16
195.3 8.09741e-16
195.4 7.96132e-16
195.5 7.82752e-16
195.6 7.69597e-16
195.7 7.56663e-16
195.8 7.43946e-16
195.9 7.31443e-16
196 7.1915e-16
196.1 7.07064e-16
196.2 6.95181e-16
196.3 6.83497e-16
196.4 6.7201e-16
196.5 6.60716e-16
196.6 6.49612e-16
196.7 6.38694e-16
196.8 6.2796e-16
196.9 6.17407e-16
197 6.0703e-16
197.1 5.96828e-16
197.2 5.86798e-16
197.3 5.76936e-16
197.4 5.6724e-16
197.5 5.57707e-16
197.6 5.48334e-16
197.7 5.39118e-16
197.8 5.30058e-16
197.9 5.21149e-16
198 5.12391e-16
198.1 5.03779e-16
198.2 4.95313e-16
198.3 4.86988e-16
198.4 4.78804e-16
198.5 4.70757e-16
198.6 4.62845e-16
198.7 4.55066e-16
198.8 4.47418e-16
198.9 4.39899e-16
199 4.32506e-16
199.1 4.25237e-16
199.2 4.1809e-16
199.3 4.11064e-16
199.4 4.04155e-16
199.5 3.97363e-16
199.6 3.90685e-16
199.7 3.84119e-16
199.8 3.77663e-16
199.9 3.71316e-16
200 3.65075e-16
200.1 3.5894e-16
200.2 3.52907e-16
200.3 3.46976e-16
200.4 3.41145e-16
200.5 3.35412e-16
200.6 3.29775e-16
200.7 3.24232e-16
200.8 3.18783e-16
200.9 3.13426e-16
201 3.08158e-16
201.1 3.02979e-16
201.2 2.97887e-16
201.3 2.92881e-16
201.4 2.87958e-16
201.5 2.83119e-16
201.6 2.78361e-16
201.7 2.73682e-16
201.8 2.69083e-16
201.9 2.64561e-16
202 2.60114e-16
202.1 2.55743e-16
202.2 2.51445e-16
202.3 2.47219e-16
202.4 2.43064e-16
202.5 2.38979e-16
202.6 2.34963e-16
202.7 2.31014e-16
202.8 2.27131e-16
202.9 2.23314e-16
203 2.19561e-16
203.1 2.15871e-16
203.2 2.12243e-16
203.3 2.08676e-16
203.4 2.05169e-16
203.5 2.01721e-16
203.6 1.9833e-16
203.7 1.94997e-16
203.8 1.9172e-16
203.9 1.88498e-16
204 1.8533e-16
204.1 1.82215e-16
204.2 1.79153e-16
204.3 1.76142e-16
204.4 1.73182e-16
204.5 1.70271e-16
204.6 1.6741e-16
204.7 1.64596e-16
204.8 1.6183e-16
204.9 1.5911e-16
205 1.56436e-16
205.1 1.53807e-16
205.2 1.51222e-16
205.3 1.4868e-16
205.4 1.46182e-16
205.5 1.43725e-16
205.6 1.41309e-16
205.7 1.38934e-16
205.8 1.366e-16
205.9 1.34304e-16
206 1.32047e-16
206.1 1.29827e-16
206.2 1.27645e-16
206.3 1.255e-16
206.4 1.23391e-16
206.5 1.21317e-16
206.6 1.19278e-16
206.7 1.17274e-16
206.8 1.15303e-16
206.9 1.13365e-16
207 1.1146e-16
207.1 1.09587e-16
207.2 1.07745e-16
207.3 1.05934e-16
207.4 1.04154e-16
207.5 1.02403e-16
207.6 1.00682e-16
207.7 9.89901e-17
207.8 9.73264e-17
207.9 9.56907e-17
208 9.40825e-17
208.1 9.25013e-17
208.2 9.09467e-17
208.3 8.94182e-17
208.4 8.79154e-17
208.5 8.64379e-17
208.6 8.49852e-17
208.7 8.35569e-17
208.8 8.21526e-17
208.9 8.07719e-17
209 7.94145e-17
209.1 7.80798e-17
209.2 7.67676e-17
209.3 7.54774e-17
209.4 7.42089e-17
209.5 7.29617e-17
209.6 7.17355e-17
209.7 7.05299e-17
209.8 6.93445e-17
209.9 6.81791e-17
210 6.70333e-17
210.1 6.59067e-17
210.2 6.4799e-17
210.3 6.371e-17
210.4 6.26393e-17
210.5 6.15865e-17
210.6 6.05515e-17
210.7 5.95338e-17
210.8 5.85333e-17
210.9 5.75496e-17
211 5.65824e-17
211.1 5.56314e-17
211.2 5.46965e-17
211.3 5.37772e-17
211.4 5.28734e-17
211.5 5.19848e-17
211.6 5.11111e-17
211.7 5.02521e-17
211.8 4.94076e-17
211.9 4.85772e-17
212 4.77608e-17
212.1 4.69581e-17
212.2 4.6169e-17
212.3 4.5393e-17
212.4 4.46301e-17
212.5 4.38801e-17
212.6 4.31426e-17
212.7 4.24175e-17
212.8 4.17047e-17
212.9 4.10037e-17
213 4.03146e-17
213.1 3.96371e-17
213.2 3.89709e-17
213.3 3.8316e-17
213.4 3.7672e-17
213.5 3.70389e-17
213.6 3.64164e-17
213.7 3.58044e-17
213.8 3.52026e-17
213.9 3.4611e-17
214 3.40293e-17
214.1 3.34574e-17
214.2 3.28951e-17
214.3 3.23423e-17
214.4 3.17987e-17
214.5 3.12643e-17
214.6 3.07389e-17
214.7 3.02223e-17
214.8 2.97143e-17
214.9 2.92149e-17
215 2.8724e-17
215.1 2.82412e-17
215.2 2.77666e-17
215.3 2.72999e-17
215.4 2.68411e-17
215.5 2.639e-17
215.6 2.59465e-17
215.7 2.55104e-17
215.8 2.50817e-17
215.9 2.46602e-17
216 2.42457e-17
216.1 2.38382e-17
216.2 2.34376e-17
216.3 2.30437e-17
216.4 2.26564e-17
216.5 2.22756e-17
216.6 2.19013e-17
216.7 2.15332e-17
216.8 2.11713e-17
216.9 2.08155e-17
217 2.04657e-17
217.1 2.01217e-17
217.2 1.97835e-17
217.3 1.9451e-17
217.4 1.91241e-17
217.5 1.88027e-17
217.6 1.84867e-17
217.7 1.8176e-17
217.8 1.78706e-17
217.9 1.75702e-17
218 1.72749e-17
218.1 1.69846e-17
218.2 1.66992e-17
218.3 1.64185e-17
218.4 1.61426e-17
218.5 1.58713e-17
218.6 1.56045e-17
218.7 1.53423e-17
218.8 1.50844e-17
218.9 1.48309e-17
219 1.45817e-17
219.1 1.43366e-17
219.2 1.40957e-17
219.3 1.38588e-17
219.4 1.36258e-17
219.5 1.33968e-17
219.6 1.31717e-17
219.7 1.29503e-17
219.8 1.27327e-17
219.9 1.25187e-17
220 1.23083e-17
220.1 1.21014e-17
220.2 1.18981e-17
220.3 1.16981e-17
220.4 1.15015e-17
220.5 1.13082e-17
220.6 1.11181e-17
220.7 1.09313e-17
220.8 1.07476e-17
220.9 1.0567e-17
221 1.03894e-17
221.1 1.02148e-17
221.2 1.00431e-17
221.3 9.87429e-18
221.4 9.70834e-18
221.5 9.54518e-18
221.6 9.38476e-18
221.7 9.22704e-18
221.8 9.07197e-18
221.9 8.9195e-18
222 8.76959e-18
222.1 8.62221e-18
222.2 8.4773e-18
222.3 8.33483e-18
222.4 8.19475e-18
222.5 8.05703e-18
222.6 7.92162e-18
222.7 7.78849e-18
222.8 7.65759e-18
222.9 7.52889e-18
223 7.40236e-18
223.1 7.27796e-18
223.2 7.15564e-18
223.3 7.03538e-18
223.4 6.91714e-18
223.5 6.80089e-18
223.6 6.68659e-18
223.7 6.57421e-18
223.8 6.46373e-18
223.9 6.35509e-18
224 6.24829e-18
224.1 6.14328e-18
224.2 6.04003e-18
224.3 5.93852e-18
224.4 5.83872e-18
224.5 5.74059e-18
224.6 5.64411e-18
224.7 5.54925e-18
224.8 5.45599e-18
224.9 5.3643e-18
225 5.27414e-18
225.1 5.1855e-18
225.2 5.09835e-18
225.3 5.01267e-18
225.4 4.92842e-18
225.5 4.8456e-18
225.6 4.76416e-18
225.7 4.68409e-18
225.8 4.60537e-18
225.9 4.52797e-18
226 4.45187e-18
226.1 4.37705e-18
226.2 4.30349e-18
226.3 4.23116e-18
226.4 4.16005e-18
226.5 4.09014e-18
226.6 4.0214e-18
226.7 3.95381e-18
226.8 3.88736e-18
226.9 3.82203e-18
227 3.7578e-18
227.1 3.69464e-18
227.2 3.63255e-18
227.3 3.5715e-18
227.4 3.51148e-18
227.5 3.45246e-18
227.6 3.39444e-18
227.7 3.33739e-18
227.8 3.2813e-18
227.9 3.22615e-18
228 3.17193e-18
228.1 3.11863e-18
228.2 3.06621e-18
228.3 3.01468e-18
228.4 2.96402e-18
228.5 2.9142e-18
228.6 2.86522e-18
228.7 2.81707e-18
228.8 2.76973e-18
228.9 2.72318e-18
229 2.67741e-18
229.1 2.63241e-18
229.2 2.58817e-18
229.3 2.54467e-18
229.4 2.50191e-18
229.5 2.45986e-18
229.6 2.41852e-18
229.7 2.37787e-18
229.8 2.33791e-18
229.9 2.29862e-18
230 2.25999e-18
230.1 2.222e-18
230.2 2.18466e-18
230.3 2.14794e-18
230.4 2.11184e-18
230.5 2.07635e-18
230.6 2.04146e-18
230.7 2.00715e-18
230.8 1.97341e-18
230.9 1.94025e-18
231 1.90764e-18
231.1 1.87558e-18
231.2 1.84406e-18
231.3 1.81307e-18
231.4 1.7826e-18
231.5 1.75264e-18
231.6 1.72318e-18
231.7 1.69422e-18
231.8 1.66575e-18
231.9 1.63775e-18
232 1.61023e-18
232.1 1.58317e-18
232.2 1.55656e-18
232.3 1.5304e-18
232.4 1.50468e-18
232.5 1.47939e-18
232.6 1.45453e-18
232.7 1.43008e-18
232.8 1.40605e-18
232.9 1.38242e-18
233 1.35918e-18
233.1 1.33634e-18
233.2 1.31388e-18
233.3 1.2918e-18
233.4 1.27009e-18
233.5 1.24874e-18
233.6 1.22776e-18
233.7 1.20712e-18
233.8 1.18684e-18
233.9 1.16689e-18
234 1.14728e-18
234.1 1.128e-18
234.2 1.10904e-18
234.3 1.0904e-18
234.4 1.07207e-18
234.5 1.05406e-18
234.6 1.03634e-18
234.7 1.01893e-18
234.8 1.0018e-18
234.9 9.84964e-19
235 9.6841e-19
235.1 9.52135e-19
235.2 9.36133e-19
235.3 9.204e-19
235.4 9.04932e-19
235.5 8.89723e-19
235.6 8.7477e-19
235.7 8.60068e-19
235.8 8.45614e-19
235.9 8.31402e-19
236 8.17429e-19
236.1 8.03691e-19
236.2 7.90184e-19
236.3 7.76904e-19
236.4 7.63847e-19
236.5 7.5101e-19
236.6 7.38388e-19
236.7 7.25979e-19
236.8 7.13778e-19
236.9 7.01782e-19
237 6.89987e-19
237.1 6.78391e-19
237.2 6.6699e-19
237.3 6.5578e-19
237.4 6.44759e-19
237.5 6.33923e-19
237.6 6.23269e-19
237.7 6.12794e-19
237.8 6.02495e-19
237.9 5.9237e-19
238 5.82414e-19
238.1 5.72626e-19
238.2 5.63002e-19
238.3 5.5354e-19
238.4 5.44237e-19
238.5 5.3509e-19
238.6 5.26098e-19
238.7 5.17256e-19
238.8 5.08563e-19
238.9 5.00016e-19
239 4.91612e-19
239.1 4.8335e-19
239.2 4.75227e-19
239.3 4.6724e-19
239.4 4.59387e-19
239.5 4.51667e-19
239.6 4.44076e-19
239.7 4.36612e-19
239.8 4.29275e-19
239.9 4.2206e-19
240 4.14967e-19
240.1 4.07993e-19
240.2 4.01136e-19
240.3 3.94394e-19
240.4 3.87766e-19
240.5 3.81249e-19
240.6 3.74842e-19
240.7 3.68542e-19
240.8 3.62348e-19
240.9 3.56258e-19
241 3.50271e-19
241.1 3.44384e-19
241.2 3.38596e-19
241.3 3.32906e-19
241.4 3.27311e-19
241.5 3.2181e-19
241.6 3.16402e-19
241.7 3.11084e-19
241.8 3.05856e-19
241.9 3.00715e-19
242 2.95662e-19
242.1 2.90693e-19
242.2 2.85807e-19
242.3 2.81004e-19
242.4 2.76281e-19
242.5 2.71638e-19
242.6 2.67073e-19
242.7 2.62584e-19
242.8 2.58171e-19
242.9 2.53832e-19
243 2.49566e-19
243.1 2.45372e-19
243.2 2.41248e-19
243.3 2.37194e-19
243.4 2.33207e-19
243.5 2.29288e-19
243.6 2.25434e-19
243.7 2.21646e-19
243.8 2.17921e-19
243.9 2.14258e-19
244 2.10657e-19
244.1 2.07117e-19
244.2 2.03636e-19
244.3 2.00214e-19
244.4 1.96849e-19
244.5 1.9354e-19
244.6 1.90288e-19
244.7 1.8709e-19
244.8 1.83945e-19
244.9 1.80854e-19
245 1.77814e-19
245.1 1.74826e-19
245.2 1.71888e-19
245.3 1.68999e-19
245.4 1.66159e-19
245.5 1.63366e-19
245.6 1.60621e-19
245.7 1.57921e-19
245.8 1.55267e-19
245.9 1.52658e-19
246 1.50092e-19
246.1 1.4757e-19
246.2 1.4509e-19
246.3 1.42651e-19
246.4 1.40254e-19
246.5 1.37897e-19
246.6 1.35579e-19
246.7 1.333e-19
246.8 1.3106e-19
246.9 1.28857e-19
247 1.26692e-19
247.1 1.24563e-19
247.2 1.22469e-19
247.3 1.20411e-19
247.4 1.18387e-19
247.5 1.16398e-19
247.6 1.14441e-19
247.7 1.12518e-19
247.8 1.10627e-19
247.9 1.08768e-19
248 1.0694e-19
248.1 1.05143e-19
248.2 1.03375e-19
248.3 1.01638e-19
248.4 9.993e-20
248.5 9.82505e-20
248.6 9.65993e-20
248.7 9.49758e-20
248.8 9.33796e-20
248.9 9.18102e-20
249 9.02672e-20
249.1 8.87502e-20
249.2 8.72586e-20
249.3 8.57921e-20
249.4 8.43503e-20
249.5 8.29327e-20
249.6 8.15389e-20
249.7 8.01685e-20
249.8 7.88212e-20
249.9 7.74965e-20
250 7.6194e-20
250.1 7.49135e-20
250.2 7.36545e-20
250.3 7.24166e-20
250.4 7.11996e-20
250.5 7.0003e-20
250.6 6.88265e-20
250.7 6.76697e-20
250.8 6.65325e-20
250.9 6.54143e-20
251 6.43149e-20
251.1 6.3234e-20
251.2 6.21713e-20
251.3 6.11264e-20
251.4 6.00991e-20
251.5 5.90891e-20
251.6 5.8096e-20
251.7 5.71196e-20
251.8 5.61596e-20
251.9 5.52158e-20
252 5.42878e-20
252.1 5.33755e-20
252.2 5.24784e-20
252.3 5.15964e-20
252.4 5.07293e-20
252.5 4.98767e-20
252.6 4.90385e-20
252.7 4.82143e-20
252.8 4.7404e-20
252.9 4.66073e-20
253 4.5824e-20
253.1 4.50539e-20
253.2 4.42967e-20
253.3 4.35522e-20
253.4 4.28203e-20
253.5 4.21006e-20
253.6 4.13931e-20
253.7 4.06974e-20
253.8 4.00134e-20
253.9 3.9341e-20
254 3.86798e-20
254.1 3.80297e-20
254.2 3.73906e-20
254.3 3.67622e-20
254.4 3.61443e-20
254.5 3.55369e-20
254.6 3.49396e-20
254.7 3.43524e-20
254.8 3.37751e-20
254.9 3.32075e-20
255 3.26494e-20
255.1 3.21007e-20
255.2 3.15612e-20
255.3 3.10307e-20
255.4 3.05092e-20
255.5 2.99965e-20
255.6 2.94923e-20
255.7 2.89967e-20
255.8 2.85094e-20
255.9 2.80302e-20
256 2.75591e-20
256.1 2.7096e-20
256.2 2.66406e-20
256.3 2.61929e-20
256.4 2.57526e-20
256.5 2.53198e-20
256.6 2.48943e-20
256.7 2.44759e-20
256.8 2.40646e-20
256.9 2.36601e-20
257 2.32625e-20
257.1 2.28715e-20
257.2 2.24872e-20
257.3 2.21092e-20
257.4 2.17377e-20
257.5 2.13723e-20
257.6 2.10131e-20
257.7 2.066e-20
257.8 2.03128e-20
257.9 1.99714e-20
258 1.96357e-20
258.1 1.93057e-20
258.2 1.89813e-20
258.3 1.86623e-20
258.4 1.83486e-20
258.5 1.80402e-20
258.6 1.77371e-20
258.7 1.7439e-20
258.8 1.71459e-20
258.9 1.68577e-20
259 1.65744e-20
259.1 1.62958e-20
259.2 1.6022e-20
259.3 1.57527e-20
259.4 1.5488e-20
259.5 1.52277e-20
259.6 1.49717e-20
259.7 1.47201e-20
259.8 1.44727e-20
259.9 1.42295e-20
260 1.39904e-20
260.1 1.37552e-20
260.2 1.35241e-20
260.3 1.32968e-20
260.4 1.30733e-20
260.5 1.28536e-20
260.6 1.26376e-20
260.7 1.24252e-20
260.8 1.22163e-20
260.9 1.2011e-20
261 1.18092e-20
261.1 1.16107e-20
261.2 1.14156e-20
261.3 1.12237e-20
261.4 1.10351e-20
261.5 1.08496e-20
261.6 1.06673e-20
261.7 1.0488e-20
261.8 1.03117e-20
261.9 1.01384e-20
262 9.96805e-21
262.1 9.80052e-21
262.2 9.63581e-21
262.3 9.47387e-21
262.4 9.31465e-21
262.5 9.1581e-21
262.6 9.00419e-21
262.7 8.85286e-21
262.8 8.70408e-21
262.9 8.55779e-21
263 8.41397e-21
263.1 8.27256e-21
263.2 8.13353e-21
263.3 7.99684e-21
263.4 7.86244e-21
263.5 7.7303e-21
263.6 7.60038e-21
263.7 7.47265e-21
263.8 7.34706e-21
263.9 7.22358e-21
264 7.10218e-21
264.1 6.98282e-21
264.2 6.86546e-21
264.3 6.75008e-21
264.4 6.63664e-21
264.5 6.5251e-21
264.6 6.41544e-21
264.7 6.30762e-21
264.8 6.20161e-21
264.9 6.09738e-21
265 5.99491e-21
265.1 5.89415e-21
265.2 5.7951e-21
265.3 5.6977e-21
265.4 5.60194e-21
265.5 5.5078e-21
265.6 5.41523e-21
265.7 5.32422e-21
265.8 5.23474e-21
265.9 5.14676e-21
266 5.06026e-21
266.1 4.97522e-21
266.2 4.8916e-21
266.3 4.8094e-21
266.4 4.72857e-21
266.5 4.6491e-21
266.6 4.57096e-21
266.7 4.49414e-21
266.8 4.41861e-21
266.9 4.34435e-21
267 4.27134e-21
267.1 4.19955e-21
267.2 4.12897e-21
267.3 4.05958e-21
267.4 3.99135e-21
267.5 3.92427e-21
267.6 3.85832e-21
267.7 3.79348e-21
267.8 3.72972e-21
267.9 3.66704e-21
268 3.60541e-21
268.1 3.54482e-21
268.2 3.48524e-21
268.3 3.42667e-21
268.4 3.36908e-21
268.5 3.31246e-21
268.6 3.25679e-21
268.7 3.20205e-21
268.8 3.14824e-21
268.9 3.09533e-21
269 3.04331e-21
269.1 2.99216e-21
269.2 2.94187e-21
269.3 2.89243e-21
269.4 2.84382e-21
269.5 2.79602e-21
269.6 2.74903e-21
269.7 2.70283e-21
269.8 2.65741e-21
269.9 2.61275e-21
270 2.56884e-21
270.1 2.52566e-21
270.2 2.48322e-21
270.3 2.44148e-21
270.4 2.40045e-21
270.5 2.36011e-21
270.6 2.32044e-21
270.7 2.28144e-21
270.8 2.2431e-21
270.9 2.2054e-21
271 2.16834e-21
271.1 2.1319e-21
271.2 2.09607e-21
271.3 2.06084e-21
271.4 2.0262e-21
271.5 1.99215e-21
271.6 1.95867e-21
271.7 1.92575e-21
271.8 1.89339e-21
271.9 1.86157e-21
272 1.83028e-21
272.1 1.79952e-21
272.2 1.76928e-21
272.3 1.73954e-21
272.4 1.71031e-21
272.5 1.68156e-21
272.6 1.6533e-21
272.7 1.62552e-21
272.8 1.5982e-21
272.9 1.57134e-21
273 1.54493e-21
273.1 1.51896e-21
273.2 1.49344e-21
273.3 1.46834e-21
273.4 1.44366e-21
273.5 1.4194e-21
273.6 1.39554e-21
273.7 1.37209e-21
273.8 1.34903e-21
273.9 1.32636e-21
274 1.30407e-21
274.1 1.28215e-21
274.2 1.2606e-21
274.3 1.23941e-21
274.4 1.21858e-21
274.5 1.1981e-21
274.6 1.17797e-21
274.7 1.15817e-21
274.8 1.13871e-21
274.9 1.11957e-21
275 1.10075e-21
275.1 1.08225e-21
275.2 1.06407e-21
275.3 1.04618e-21
275.4 1.0286e-21
275.5 1.01131e-21
275.6 9.94316e-22
275.7 9.77606e-22
275.8 9.61176e-22
275.9 9.45022e-22
276 9.29139e-22
276.1 9.13524e-22
276.2 8.98171e-22
276.3 8.83076e-22
276.4 8.68235e-22
276.5 8.53643e-22
276.6 8.39296e-22
276.7 8.25191e-22
276.8 8.11322e-22
276.9 7.97687e-22
277 7.84281e-22
277.1 7.711e-22
277.2 7.58141e-22
277.3 7.45399e-22
277.4 7.32872e-22
277.5 7.20555e-22
277.6 7.08445e-22
277.7 6.96539e-22
277.8 6.84832e-22
277.9 6.73323e-22
278 6.62007e-22
278.1 6.50881e-22
278.2 6.39942e-22
278.3 6.29187e-22
278.4 6.18613e-22
278.5 6.08216e-22
278.6 5.97994e-22
278.7 5.87944e-22
278.8 5.78063e-22
278.9 5.68348e-22
279 5.58796e-22
279.1 5.49405e-22
279.2 5.40171e-22
279.3 5.31093e-22
279.4 5.22167e-22
279.5 5.13391e-22
279.6 5.04763e-22
279.7 4.9628e-22
279.8 4.87939e-22
279.9 4.79739e-22
280 4.71676e-22
280.1 4.63749e-22
280.2 4.55955e-22
280.3 4.48292e-22
280.4 4.40758e-22
280.5 4.33351e-22
280.6 4.26067e-22
280.7 4.18907e-22
280.8 4.11867e-22
280.9 4.04945e-22
281 3.98139e-22
281.1 3.91448e-22
281.2 3.84869e-22
281.3 3.78401e-22
281.4 3.72041e-22
281.5 3.65789e-22
281.6 3.59641e-22
281.7 3.53597e-22
281.8 3.47654e-22
281.9 3.41811e-22
282 3.36067e-22
282.1 3.30419e-22
282.2 3.24866e-22
282.3 3.19406e-22
282.4 3.14038e-22
282.5 3.0876e-22
282.6 3.03571e-22
282.7 2.98469e-22
282.8 2.93453e-22
282.9 2.88521e-22
283 2.83672e-22
283.1 2.78904e-22
283.2 2.74217e-22
283.3 2.69608e-22
283.4 2.65077e-22
283.5 2.60622e-22
283.6 2.56242e-22
283.7 2.51936e-22
283.8 2.47702e-22
283.9 2.43539e-22
284 2.39446e-22
284.1 2.35421e-22
284.2 2.31465e-22
284.3 2.27575e-22
284.4 2.2375e-22
284.5 2.1999e-22
284.6 2.16293e-22
284.7 2.12657e-22
284.8 2.09083e-22
284.9 2.0557e-22
285 2.02115e-22
285.1 1.98718e-22
285.2 1.95378e-22
285.3 1.92095e-22
285.4 1.88866e-22
285.5 1.85692e-22
285.6 1.82571e-22
285.7 1.79503e-22
285.8 1.76486e-22
285.9 1.7352e-22
286 1.70604e-22
286.1 1.67737e-22
286.2 1.64917e-22
286.3 1.62146e-22
286.4 1.59421e-22
286.5 1.56741e-22
286.6 1.54107e-22
286.7 1.51517e-22
286.8 1.48971e-22
286.9 1.46467e-22
287 1.44006e-22
287.1 1.41585e-22
287.2 1.39206e-22
287.3 1.36866e-22
287.4 1.34566e-22
287.5 1.32305e-22
287.6 1.30081e-22
287.7 1.27895e-22
287.8 1.25745e-22
287.9 1.23632e-22
288 1.21554e-22
288.1 1.19511e-22
288.2 1.17503e-22
288.3 1.15528e-22
288.4 1.13586e-22
288.5 1.11677e-22
288.6 1.09801e-22
288.7 1.07955e-22
288.8 1.06141e-22
288.9 1.04357e-22
289 1.02603e-22
289.1 1.00879e-22
289.2 9.91834e-23
289.3 9.75165e-23
289.4 9.58776e-23
289.5 9.42662e-23
289.6 9.2682e-23
289.7 9.11243e-23
289.8 8.95929e-23
289.9 8.80871e-23
290 8.66067e-23
290.1 8.51512e-23
290.2 8.37201e-23
290.3 8.23131e-23
290.4 8.09297e-23
290.5 7.95696e-23
290.6 7.82323e-23
290.7 7.69175e-23
290.8 7.56248e-23
290.9 7.43538e-23
291 7.31042e-23
291.1 7.18756e-23
291.2 7.06676e-23
291.3 6.948e-23
291.4 6.83123e-23
291.5 6.71642e-23
291.6 6.60354e-23
291.7 6.49256e-23
291.8 6.38344e-23
291.9 6.27616e-23
292 6.17068e-23
292.1 6.06698e-23
292.2 5.96501e-23
292.3 5.86476e-23
292.4 5.7662e-23
292.5 5.66929e-23
292.6 5.57401e-23
292.7 5.48033e-23
292.8 5.38823e-23
292.9 5.29767e-23
293 5.20863e-23
293.1 5.1211e-23
293.2 5.03503e-23
293.3 4.95041e-23
293.4 4.86721e-23
293.5 4.78541e-23
293.6 4.70499e-23
293.7 4.62591e-23
293.8 4.54817e-23
293.9 4.47173e-23
294 4.39658e-23
294.1 4.32269e-23
294.2 4.25004e-23
294.3 4.17861e-23
294.4 4.10838e-23
294.5 4.03934e-23
294.6 3.97145e-23
294.7 3.9047e-23
294.8 3.83908e-23
294.9 3.77456e-23
295 3.71112e-23
295.1 3.64875e-23
295.2 3.58743e-23
295.3 3.52714e-23
295.4 3.46786e-23
295.5 3.40958e-23
295.6 3.35228e-23
295.7 3.29594e-23
295.8 3.24054e-23
295.9 3.18608e-23
296 3.13254e-23
296.1 3.07989e-23
296.2 3.02813e-23
296.3 2.97724e-23
296.4 2.9272e-23
296.5 2.87801e-23
296.6 2.82964e-23
296.7 2.78208e-23
296.8 2.73532e-23
296.9 2.68935e-23
297 2.64416e-23
297.1 2.59972e-23
297.2 2.55603e-23
297.3 2.51307e-23
297.4 2.47083e-23
297.5 2.42931e-23
297.6 2.38848e-23
297.7 2.34834e-23
297.8 2.30887e-23
297.9 2.27007e-23
298 2.23192e-23
298.1 2.19441e-23
298.2 2.15753e-23
298.3 2.12127e-23
298.4 2.08561e-23
298.5 2.05056e-23
298.6 2.0161e-23
298.7 1.98222e-23
298.8 1.9489e-23
298.9 1.91615e-23
299 1.88395e-23
299.1 1.85228e-23
299.2 1.82115e-23
299.3 1.79055e-23
299.4 1.76045e-23
299.5 1.73087e-23
299.6 1.70178e-23
299.7 1.67318e-23
299.8 1.64506e-23
299.9 1.61741e-23
300 1.59023e-23
300.1 1.5635e-23
300.2 1.53722e-23
300.3 1.51139e-23
300.4 1.48599e-23
300.5 1.46101e-23
300.6 1.43646e-23
300.7 1.41232e-23
300.8 1.38858e-23
300.9 1.36525e-23
301 1.3423e-23
301.1 1.31974e-23
301.2 1.29756e-23
301.3 1.27575e-23
301.4 1.25431e-23
301.5 1.23323e-23
301.6 1.21251e-23
301.7 1.19213e-23
301.8 1.17209e-23
301.9 1.1524e-23
302 1.13303e-23
302.1 1.11399e-23
302.2 1.09526e-23
302.3 1.07686e-23
302.4 1.05876e-23
302.5 1.04097e-23
302.6 1.02347e-23
302.7 1.00627e-23
302.8 9.89358e-24
302.9 9.7273e-24
303 9.56382e-24
303.1 9.40309e-24
303.2 9.24506e-24
303.3 9.08968e-24
303.4 8.93692e-24
303.5 8.78672e-24
303.6 8.63905e-24
303.7 8.49386e-24
303.8 8.35111e-24
303.9 8.21076e-24
304 8.07277e-24
304.1 7.93709e-24
304.2 7.8037e-24
304.3 7.67255e-24
304.4 7.5436e-24
304.5 7.41682e-24
304.6 7.29217e-24
304.7 7.16962e-24
304.8 7.04912e-24
304.9 6.93065e-24
305 6.81417e-24
305.1 6.69965e-24
305.2 6.58705e-24
305.3 6.47635e-24
305.4 6.36751e-24
305.5 6.26049e-24
305.6 6.15528e-24
305.7 6.05183e-24
305.8 5.95012e-24
305.9 5.85012e-24
306 5.7518e-24
306.1 5.65513e-24
306.2 5.56009e-24
306.3 5.46665e-24
306.4 5.37477e-24
306.5 5.28444e-24
306.6 5.19563e-24
306.7 5.10831e-24
306.8 5.02246e-24
306.9 4.93805e-24
307 4.85506e-24
307.1 4.77346e-24
307.2 4.69324e-24
307.3 4.61436e-24
307.4 4.53681e-24
307.5 4.46057e-24
307.6 4.3856e-24
307.7 4.31189e-24
307.8 4.23943e-24
307.9 4.16818e-24
308 4.09813e-24
308.1 4.02925e-24
308.2 3.96154e-24
308.3 3.89496e-24
308.4 3.8295e-24
308.5 3.76514e-24
308.6 3.70186e-24
308.7 3.63964e-24
308.8 3.57848e-24
308.9 3.51833e-24
309 3.4592e-24
309.1 3.40107e-24
309.2 3.34391e-24
309.3 3.28771e-24
309.4 3.23245e-24
309.5 3.17813e-24
309.6 3.12472e-24
309.7 3.0722e-24
309.8 3.02057e-24
309.9 2.9698e-24
310 2.91989e-24
310.1 2.87082e-24
310.2 2.82257e-24
310.3 2.77514e-24
310.4 2.7285e-24
310.5 2.68264e-24
310.6 2.63755e-24
310.7 2.59323e-24
310.8 2.54964e-24
310.9 2.50679e-24
311 2.46466e-24
311.1 2.42324e-24
311.2 2.38252e-24
311.3 2.34247e-24
311.4 2.30311e-24
311.5 2.2644e-24
311.6 2.22634e-24
311.7 2.18893e-24
311.8 2.15214e-24
311.9 2.11597e-24
312 2.08041e-24
312.1 2.04544e-24
312.2 2.01107e-24
312.3 1.97727e-24
312.4 1.94404e-24
312.5 1.91137e-24
312.6 1.87924e-24
312.7 1.84766e-24
312.8 1.81661e-24
312.9 1.78608e-24
313 1.75606e-24
313.1 1.72655e-24
313.2 1.69753e-24
313.3 1.669e-24
313.4 1.64095e-24
313.5 1.61337e-24
313.6 1.58626e-24
313.7 1.5596e-24
313.8 1.53339e-24
313.9 1.50762e-24
314 1.48228e-24
314.1 1.45737e-24
314.2 1.43287e-24
314.3 1.40879e-24
314.4 1.38512e-24
314.5 1.36184e-24
314.6 1.33895e-24
314.7 1.31645e-24
314.8 1.29432e-24
314.9 1.27257e-24
315 1.25118e-24
315.1 1.23015e-24
315.2 1.20948e-24
315.3 1.18915e-24
315.4 1.16917e-24
315.5 1.14952e-24
315.6 1.1302e-24
315.7 1.11121e-24
315.8 1.09253e-24
315.9 1.07417e-24
316 1.05612e-24
316.1 1.03837e-24
316.2 1.02092e-24
316.3 1.00376e-24
316.4 9.86888e-25
316.5 9.70302e-25
316.6 9.53995e-25
316.7 9.37962e-25
316.8 9.22198e-25
316.9 9.06699e-25
317 8.91461e-25
317.1 8.76479e-25
317.2 8.61748e-25
317.3 8.47265e-25
317.4 8.33026e-25
317.5 8.19026e-25
317.6 8.05261e-25
317.7 7.91728e-25
317.8 7.78422e-25
317.9 7.65339e-25
318 7.52477e-25
318.1 7.3983e-25
318.2 7.27396e-25
318.3 7.15172e-25
318.4 7.03152e-25
318.5 6.91335e-25
318.6 6.79716e-25
318.7 6.68292e-25
318.8 6.57061e-25
318.9 6.46018e-25
319 6.35161e-25
319.1 6.24486e-25
319.2 6.13991e-25
319.3 6.03672e-25
319.4 5.93527e-25
319.5 5.83552e-25
319.6 5.73744e-25
319.7 5.64102e-25
319.8 5.54621e-25
319.9 5.453e-25
320 5.36136e-25
320.1 5.27125e-25
320.2 5.18266e-25
320.3 5.09556e-25
320.4 5.00992e-25
320.5 4.92572e-25
320.6 4.84294e-25
320.7 4.76155e-25
320.8 4.68152e-25
320.9 4.60284e-25
321 4.52549e-25
321.1 4.44943e-25
321.2 4.37465e-25
321.3 4.30113e-25
321.4 4.22884e-25
321.5 4.15777e-25
321.6 4.0879e-25
321.7 4.01919e-25
321.8 3.95165e-25
321.9 3.88523e-25
322 3.81994e-25
322.1 3.75574e-25
322.2 3.69262e-25
322.3 3.63056e-25
322.4 3.56954e-25
322.5 3.50955e-25
322.6 3.45057e-25
322.7 3.39258e-25
322.8 3.33556e-25
322.9 3.2795e-25
323 3.22438e-25
323.1 3.17019e-25
323.2 3.11692e-25
323.3 3.06453e-25
323.4 3.01303e-25
323.5 2.96239e-25
323.6 2.9126e-25
323.7 2.86365e-25
323.8 2.81553e-25
323.9 2.76821e-25
324 2.72168e-25
324.1 2.67594e-25
324.2 2.63097e-25
324.3 2.58675e-25
324.4 2.54328e-25
324.5 2.50054e-25
324.6 2.45851e-25
324.7 2.41719e-25
324.8 2.37657e-25
324.9 2.33663e-25
325 2.29736e-25
325.1 2.25875e-25
325.2 2.22079e-25
325.3 2.18346e-25
325.4 2.14677e-25
325.5 2.11069e-25
325.6 2.07521e-25
325.7 2.04034e-25
325.8 2.00605e-25
325.9 1.97233e-25
326 1.93918e-25
326.1 1.90659e-25
326.2 1.87455e-25
326.3 1.84305e-25
326.4 1.81207e-25
326.5 1.78162e-25
326.6 1.75168e-25
326.7 1.72224e-25
326.8 1.69329e-25
326.9 1.66483e-25
327 1.63685e-25
327.1 1.60934e-25
327.2 1.5823e-25
327.3 1.5557e-25
327.4 1.52956e-25
327.5 1.50385e-25
327.6 1.47858e-25
327.7 1.45373e-25
327.8 1.4293e-25
327.9 1.40528e-25
328 1.38166e-25
328.1 1.35844e-25
328.2 1.33561e-25
328.3 1.31316e-25
328.4 1.29109e-25
328.5 1.26939e-25
328.6 1.24806e-25
328.7 1.22708e-25
328.8 1.20646e-25
328.9 1.18618e-25
329 1.16625e-25
329.1 1.14665e-25
329.2 1.12738e-25
329.3 1.10843e-25
329.4 1.0898e-25
329.5 1.07149e-25
329.6 1.05348e-25
329.7 1.03577e-25
329.8 1.01837e-25
329.9 1.00125e-25
330 9.84424e-26
330.1 9.6788e-26
330.2 9.51613e-26
330.3 9.3562e-26
330.4 9.19896e-26
330.5 9.04436e-26
330.6 8.89235e-26
330.7 8.74291e-26
330.8 8.59597e-26
330.9 8.4515e-26
331 8.30946e-26
331.1 8.16981e-26
331.2 8.03251e-26
331.3 7.89751e-26
331.4 7.76478e-26
331.5 7.63429e-26
331.6 7.50598e-26
331.7 7.37983e-26
331.8 7.25581e-26
331.9 7.13386e-26
332 7.01397e-26
332.1 6.89609e-26
332.2 6.78019e-26
332.3 6.66624e-26
332.4 6.55421e-26
332.5 6.44405e-26
332.6 6.33575e-26
332.7 6.22927e-26
332.8 6.12458e-26
332.9 6.02165e-26
333 5.92045e-26
333.1 5.82095e-26
333.2 5.72312e-26
333.3 5.62693e-26
333.4 5.53237e-26
333.5 5.43939e-26
333.6 5.34797e-26
333.7 5.25809e-26
333.8 5.16972e-26
333.9 5.08284e-26
334 4.99741e-26
334.1 4.91343e-26
334.2 4.83085e-26
334.3 4.74966e-26
334.4 4.66984e-26
334.5 4.59135e-26
334.6 4.51419e-26
334.7 4.43832e-26
334.8 4.36373e-26
334.9 4.29039e-26
335 4.21829e-26
335.1 4.14739e-26
335.2 4.07769e-26
335.3 4.00916e-26
335.4 3.94178e-26
335.5 3.87553e-26
335.6 3.8104e-26
335.7 3.74636e-26
335.8 3.6834e-26
335.9 3.62149e-26
336 3.56063e-26
336.1 3.50079e-26
336.2 3.44195e-26
336.3 3.38411e-26
336.4 3.32723e-26
336.5 3.27131e-26
336.6 3.21634e-26
336.7 3.16228e-26
336.8 3.10913e-26
336.9 3.05688e-26
337 3.00551e-26
337.1 2.95499e-26
337.2 2.90533e-26
337.3 2.8565e-26
337.4 2.8085e-26
337.5 2.7613e-26
337.6 2.71489e-26
337.7 2.66926e-26
337.8 2.6244e-26
337.9 2.58029e-26
338 2.53693e-26
338.1 2.49429e-26
338.2 2.45237e-26
338.3 2.41116e-26
338.4 2.37063e-26
338.5 2.33079e-26
338.6 2.29162e-26
338.7 2.25311e-26
338.8 2.21524e-26
338.9 2.17801e-26
339 2.14141e-26
339.1 2.10542e-26
339.2 2.07003e-26
339.3 2.03524e-26
339.4 2.00104e-26
339.5 1.96741e-26
339.6 1.93434e-26
339.7 1.90183e-26
339.8 1.86987e-26
339.9 1.83845e-26
340 1.80755e-26
340.1 1.77717e-26
340.2 1.7473e-26
340.3 1.71794e-26
340.4 1.68906e-26
340.5 1.66068e-26
340.6 1.63277e-26
340.7 1.60533e-26
340.8 1.57835e-26
340.9 1.55182e-26
341 1.52574e-26
341.1 1.5001e-26
341.2 1.47489e-26
341.3 1.4501e-26
341.4 1.42573e-26
341.5 1.40177e-26
341.6 1.37821e-26
341.7 1.35505e-26
341.8 1.33227e-26
341.9 1.30988e-26
342 1.28787e-26
342.1 1.26622e-26
342.2 1.24494e-26
342.3 1.22402e-26
342.4 1.20345e-26
342.5 1.18322e-26
342.6 1.16334e-26
342.7 1.14379e-26
342.8 1.12456e-26
342.9 1.10566e-26
343 1.08708e-26
343.1 1.06881e-26
343.2 1.05085e-26
343.3 1.03319e-26
343.4 1.01582e-26
343.5 9.98752e-27
343.6 9.81966e-27
343.7 9.65463e-27
343.8 9.49237e-27
343.9 9.33284e-27
344 9.17599e-27
344.1 9.02178e-27
344.2 8.87015e-27
344.3 8.72108e-27
344.4 8.57451e-27
344.5 8.4304e-27
344.6 8.28872e-27
344.7 8.14942e-27
344.8 8.01245e-27
344.9 7.87779e-27
345 7.7454e-27
345.1 7.61523e-27
345.2 7.48724e-27
345.3 7.36141e-27
345.4 7.23769e-27
345.5 7.11605e-27
345.6 6.99646e-27
345.7 6.87887e-27
345.8 6.76326e-27
345.9 6.6496e-27
346 6.53784e-27
346.1 6.42797e-27
346.2 6.31994e-27
346.3 6.21372e-27
346.4 6.10929e-27
346.5 6.00662e-27
346.6 5.90567e-27
346.7 5.80641e-27
346.8 5.70883e-27
346.9 5.61289e-27
347 5.51855e-27
347.1 5.42581e-27
347.2 5.33462e-27
347.3 5.24496e-27
347.4 5.15682e-27
347.5 5.07015e-27
347.6 4.98494e-27
347.7 4.90116e-27
347.8 4.81879e-27
347.9 4.7378e-27
348 4.65818e-27
348.1 4.57989e-27
348.2 4.50292e-27
348.3 4.42724e-27
348.4 4.35284e-27
348.5 4.27968e-27
348.6 4.20776e-27
348.7 4.13704e-27
348.8 4.06751e-27
348.9 3.99915e-27
349 3.93194e-27
349.1 3.86586e-27
349.2 3.80089e-27
349.3 3.73701e-27
349.4 3.6742e-27
349.5 3.61245e-27
349.6 3.55174e-27
349.7 3.49205e-27
349.8 3.43336e-27
349.9 3.37566e-27
350 3.31893e-27
350.1 3.26315e-27
350.2 3.20831e-27
350.3 3.15439e-27
350.4 3.10137e-27
350.5 3.04925e-27
350.6 2.998e-27
350.7 2.94762e-27
350.8 2.89808e-27
350.9 2.84937e-27
351 2.80149e-27
351.1 2.7544e-27
351.2 2.70811e-27
351.3 2.6626e-27
351.4 2.61785e-27
351.5 2.57385e-27
351.6 2.5306e-27
351.7 2.48807e-27
351.8 2.44625e-27
351.9 2.40514e-27
352 2.36472e-27
352.1 2.32497e-27
352.2 2.2859e-27
352.3 2.24748e-27
352.4 2.20971e-27
352.5 2.17257e-27
352.6 2.13606e-27
352.7 2.10016e-27
352.8 2.06487e-27
352.9 2.03016e-27
353 1.99604e-27
353.1 1.9625e-27
353.2 1.92951e-27
353.3 1.89709e-27
353.4 1.8652e-27
353.5 1.83386e-27
353.6 1.80304e-27
353.7 1.77273e-27
353.8 1.74294e-27
353.9 1.71365e-27
354 1.68485e-27
354.1 1.65653e-27
354.2 1.62869e-27
354.3 1.60132e-27
354.4 1.57441e-27
354.5 1.54795e-27
354.6 1.52193e-27
354.7 1.49635e-27
354.8 1.47121e-27
354.9 1.44648e-27
355 1.42217e-27
355.1 1.39827e-27
355.2 1.37477e-27
355.3 1.35166e-27
355.4 1.32895e-27
355.5 1.30661e-27
355.6 1.28465e-27
355.7 1.26306e-27
355.8 1.24184e-27
355.9 1.22096e-27
356 1.20044e-27
356.1 1.18027e-27
356.2 1.16043e-27
356.3 1.14093e-27
356.4 1.12176e-27
356.5 1.1029e-27
356.6 1.08437e-27
356.7 1.06614e-27
356.8 1.04823e-27
356.9 1.03061e-27
357 1.01329e-27
357.1 9.96258e-28
357.2 9.79515e-28
357.3 9.63053e-28
357.4 9.46868e-28
357.5 9.30954e-28
357.6 9.15308e-28
357.7 8.99925e-28
357.8 8.84801e-28
357.9 8.69931e-28
358 8.5531e-28
358.1 8.40936e-28
358.2 8.26803e-28
358.3 8.12907e-28
358.4 7.99245e-28
358.5 7.85813e-28
358.6 7.72606e-28
358.7 7.59621e-28
358.8 7.46855e-28
358.9 7.34303e-28
359 7.21962e-28
359.1 7.09829e-28
359.2 6.97899e-28
359.3 6.8617e-28
359.4 6.74638e-28
359.5 6.633e-28
359.6 6.52152e-28
359.7 6.41192e-28
359.8 6.30416e-28
359.9 6.19821e-28
360 6.09404e-28
360.1 5.99162e-28
360.2 5.89092e-28
360.3 5.79192e-28
360.4 5.69458e-28
360.5 5.59887e-28
360.6 5.50478e-28
360.7 5.41226e-28
360.8 5.3213e-28
360.9 5.23187e-28
361 5.14394e-28
361.1 5.05749e-28
361.2 4.97249e-28
361.3 4.88892e-28
361.4 4.80676e-28
361.5 4.72597e-28
361.6 4.64655e-28
361.7 4.56846e-28
361.8 4.49168e-28
361.9 4.41619e-28
362 4.34197e-28
362.1 4.269e-28
362.2 4.19725e-28
362.3 4.12671e-28
362.4 4.05736e-28
362.5 3.98917e-28
362.6 3.92212e-28
362.7 3.85621e-28
362.8 3.7914e-28
362.9 3.72768e-28
363 3.66503e-28
363.1 3.60343e-28
363.2 3.54287e-28
363.3 3.48333e-28
363.4 3.42479e-28
363.5 3.36723e-28
363.6 3.31064e-28
363.7 3.255e-28
363.8 3.2003e-28
363.9 3.14651e-28
364 3.09363e-28
364.1 3.04164e-28
364.2 2.99052e-28
364.3 2.94026e-28
364.4 2.89084e-28
364.5 2.84226e-28
364.6 2.79449e-28
364.7 2.74753e-28
364.8 2.70135e-28
364.9 2.65595e-28
365 2.61131e-28
365.1 2.56743e-28
365.2 2.52428e-28
365.3 2.48185e-28
365.4 2.44014e-28
365.5 2.39913e-28
365.6 2.35881e-28
365.7 2.31917e-28
365.8 2.28019e-28
365.9 2.24187e-28
366 2.20419e-28
366.1 2.16715e-28
366.2 2.13073e-28
366.3 2.09492e-28
366.4 2.05971e-28
366.5 2.02509e-28
366.6 1.99106e-28
366.7 1.9576e-28
366.8 1.9247e-28
366.9 1.89235e-28
367 1.86055e-28
367.1 1.82928e-28
367.2 1.79853e-28
367.3 1.76831e-28
367.4 1.73859e-28
367.5 1.70937e-28
367.6 1.68064e-28
367.7 1.6524e-28
367.8 1.62463e-28
367.9 1.59732e-28
368 1.57048e-28
368.1 1.54408e-28
368.2 1.51813e-28
368.3 1.49262e-28
368.4 1.46753e-28
368.5 1.44287e-28
368.6 1.41862e-28
368.7 1.39478e-28
368.8 1.37134e-28
368.9 1.34829e-28
369 1.32563e-28
369.1 1.30335e-28
369.2 1.28145e-28
369.3 1.25991e-28
369.4 1.23873e-28
369.5 1.21792e-28
369.6 1.19745e-28
369.7 1.17732e-28
369.8 1.15754e-28
369.9 1.13808e-28
370 1.11896e-28
370.1 1.10015e-28
370.2 1.08166e-28
370.3 1.06348e-28
370.4 1.04561e-28
370.5 1.02804e-28
370.6 1.01076e-28
370.7 9.93771e-29
370.8 9.7707e-29
370.9 9.60649e-29
371 9.44504e-29
371.1 9.2863e-29
371.2 9.13023e-29
371.3 8.97679e-29
371.4 8.82592e-29
371.5 8.67759e-29
371.6 8.53175e-29
371.7 8.38836e-29
371.8 8.24738e-29
371.9 8.10878e-29
372 7.9725e-29
372.1 7.83851e-29
372.2 7.70677e-29
372.3 7.57725e-29
372.4 7.4499e-29
372.5 7.3247e-29
372.6 7.2016e-29
372.7 7.08057e-29
372.8 6.96157e-29
372.9 6.84457e-29
373 6.72954e-29
373.1 6.61644e-29
373.2 6.50524e-29
373.3 6.39591e-29
373.4 6.28842e-29
373.5 6.18273e-29
373.6 6.07882e-29
373.7 5.97666e-29
373.8 5.87622e-29
373.9 5.77746e-29
374 5.68036e-29
374.1 5.58489e-29
374.2 5.49103e-29
374.3 5.39875e-29
374.4 5.30802e-29
374.5 5.21881e-29
374.6 5.1311e-29
374.7 5.04486e-29
374.8 4.96008e-29
374.9 4.87672e-29
375 4.79476e-29
375.1 4.71418e-29
375.2 4.63495e-29
375.3 4.55705e-29
375.4 4.48046e-29
375.5 4.40516e-29
375.6 4.33113e-29
375.7 4.25834e-29
375.8 4.18677e-29
375.9 4.11641e-29
376 4.04723e-29
376.1 3.97921e-29
376.2 3.91233e-29
376.3 3.84658e-29
376.4 3.78193e-29
376.5 3.71837e-29
376.6 3.65588e-29
376.7 3.59444e-29
376.8 3.53403e-29
376.9 3.47463e-29
377 3.41624e-29
377.1 3.35882e-29
377.2 3.30237e-29
377.3 3.24687e-29
377.4 3.19231e-29
377.5 3.13866e-29
377.6 3.08591e-29
377.7 3.03404e-29
377.8 2.98305e-29
377.9 2.93292e-29
378 2.88363e-29
378.1 2.83516e-29
378.2 2.78751e-29
378.3 2.74067e-29
378.4 2.69461e-29
378.5 2.64932e-29
378.6 2.60479e-29
378.7 2.56102e-29
378.8 2.51798e-29
378.9 2.47566e-29
379 2.43405e-29
379.1 2.39314e-29
379.2 2.35292e-29
379.3 2.31338e-29
379.4 2.2745e-29
379.5 2.23627e-29
379.6 2.19869e-29
379.7 2.16174e-29
379.8 2.12541e-29
379.9 2.08969e-29
380 2.05457e-29
380.1 2.02004e-29
380.2 1.98609e-29
380.3 1.95271e-29
380.4 1.91989e-29
380.5 1.88763e-29
380.6 1.8559e-29
380.7 1.82471e-29
380.8 1.79404e-29
380.9 1.76389e-29
381 1.73425e-29
381.1 1.7051e-29
381.2 1.67645e-29
381.3 1.64827e-29
381.4 1.62057e-29
381.5 1.59333e-29
381.6 1.56656e-29
381.7 1.54023e-29
381.8 1.51434e-29
381.9 1.48889e-29
382 1.46387e-29
382.1 1.43927e-29
382.2 1.41508e-29
382.3 1.3913e-29
382.4 1.36791e-29
382.5 1.34492e-29
382.6 1.32232e-29
382.7 1.3001e-29
382.8 1.27825e-29
382.9 1.25676e-29
383 1.23564e-29
383.1 1.21488e-29
383.2 1.19446e-29
383.3 1.17438e-29
383.4 1.15465e-29
383.5 1.13524e-29
383.6 1.11616e-29
383.7 1.0974e-29
383.8 1.07896e-29
383.9 1.06083e-29
384 1.043e-29
384.1 1.02547e-29
384.2 1.00823e-29
384.3 9.9129e-30
384.4 9.7463e-30
384.5 9.5825e-30
384.6 9.42146e-30
384.7 9.26312e-30
384.8 9.10744e-30
384.9 8.95437e-30
385 8.80388e-30
385.1 8.65592e-30
385.2 8.51045e-30
385.3 8.36742e-30
385.4 8.22679e-30
385.5 8.08853e-30
385.6 7.95259e-30
385.7 7.81894e-30
385.8 7.68753e-30
385.9 7.55833e-30
386 7.43131e-30
386.1 7.30641e-30
386.2 7.18362e-30
386.3 7.06289e-30
386.4 6.94419e-30
386.5 6.82748e-30
386.6 6.71274e-30
386.7 6.59992e-30
386.8 6.489e-30
386.9 6.37994e-30
387 6.27272e-30
387.1 6.1673e-30
387.2 6.06365e-30
387.3 5.96174e-30
387.4 5.86155e-30
387.5 5.76304e-30
387.6 5.66618e-30
387.7 5.57095e-30
387.8 5.47732e-30
387.9 5.38527e-30
388 5.29476e-30
388.1 5.20578e-30
388.2 5.11829e-30
388.3 5.03227e-30
388.4 4.9477e-30
388.5 4.86454e-30
388.6 4.78279e-30
388.7 4.70241e-30
388.8 4.62338e-30
388.9 4.54567e-30
389 4.46928e-30
389.1 4.39417e-30
389.2 4.32032e-30
389.3 4.24771e-30
389.4 4.17632e-30
389.5 4.10613e-30
389.6 4.03712e-30
389.7 3.96927e-30
389.8 3.90256e-30
389.9 3.83698e-30
390 3.77249e-30
390.1 3.70909e-30
390.2 3.64675e-30
390.3 3.58546e-30
390.4 3.52521e-30
390.5 3.46596e-30
390.6 3.40771e-30
390.7 3.35044e-30
390.8 3.29413e-30
390.9 3.23877e-30
391 3.18434e-30
391.1 3.13082e-30
391.2 3.0782e-30
391.3 3.02647e-30
391.4 2.9756e-30
391.5 2.9256e-30
391.6 2.87643e-30
391.7 2.82809e-30
391.8 2.78056e-30
391.9 2.73382e-30
392 2.68788e-30
392.1 2.64271e-30
392.2 2.59829e-30
392.3 2.55462e-30
392.4 2.51169e-30
392.5 2.46948e-30
392.6 2.42797e-30
392.7 2.38717e-30
392.8 2.34705e-30
392.9 2.3076e-30
393 2.26882e-30
393.1 2.23069e-30
393.2 2.1932e-30
393.3 2.15634e-30
393.4 2.1201e-30
393.5 2.08447e-30
393.6 2.04944e-30
393.7 2.015e-30
393.8 1.98113e-30
393.9 1.94784e-30
394 1.9151e-30
394.1 1.88291e-30
394.2 1.85127e-30
394.3 1.82016e-30
394.4 1.78957e-30
394.5 1.75949e-30
394.6 1.72992e-30
394.7 1.70085e-30
394.8 1.67226e-30
394.9 1.64416e-30
395 1.61652e-30
395.1 1.58936e-30
395.2 1.56264e-30
395.3 1.53638e-30
395.4 1.51056e-30
395.5 1.48517e-30
395.6 1.46021e-30
395.7 1.43567e-30
395.8 1.41154e-30
395.9 1.38782e-30
396 1.3645e-30
396.1 1.34157e-30
396.2 1.31902e-30
396.3 1.29685e-30
396.4 1.27506e-30
396.5 1.25363e-30
396.6 1.23256e-30
396.7 1.21184e-30
396.8 1.19148e-30
396.9 1.17145e-30
397 1.15176e-30
397.1 1.13241e-30
397.2 1.11338e-30
397.3 1.09466e-30
397.4 1.07627e-30
397.5 1.05818e-30
397.6 1.04039e-30
397.7 1.02291e-30
397.8 1.00572e-30
397.9 9.88815e-31
398 9.72197e-31
398.1 9.55858e-31
398.2 9.39794e-31
398.3 9.23999e-31
398.4 9.0847e-31
398.5 8.93202e-31
398.6 8.78191e-31
398.7 8.63431e-31
398.8 8.4892e-31
398.9 8.34653e-31
399 8.20626e-31
399.1 8.06834e-31
399.2 7.93274e-31
399.3 7.79942e-31
399.4 7.66834e-31
399.5 7.53946e-31
399.6 7.41275e-31
399.7 7.28817e-31
399.8 7.16568e-31
399.9 7.04526e-31
400 6.92685e-31
400.1 6.81044e-31
400.2 6.69598e-31
400.3 6.58344e-31
400.4 6.4728e-31
400.5 6.36402e-31
400.6 6.25706e-31
400.7 6.1519e-31
400.8 6.04851e-31
400.9 5.94686e-31
401 5.84691e-31
401.1 5.74865e-31
401.2 5.65203e-31
401.3 5.55704e-31
401.4 5.46365e-31
401.5 5.37183e-31
401.6 5.28155e-31
401.7 5.19278e-31
401.8 5.10551e-31
401.9 5.01971e-31
402 4.93534e-31
402.1 4.8524e-31
402.2 4.77085e-31
402.3 4.69067e-31
402.4 4.61183e-31
402.5 4.53433e-31
402.6 4.45812e-31
402.7 4.3832e-31
402.8 4.30953e-31
402.9 4.2371e-31
403 4.16589e-31
403.1 4.09588e-31
403.2 4.02704e-31
403.3 3.95936e-31
403.4 3.89282e-31
403.5 3.8274e-31
403.6 3.76307e-31
403.7 3.69983e-31
403.8 3.63765e-31
403.9 3.57651e-31
404 3.51641e-31
404.1 3.45731e-31
404.2 3.3992e-31
404.3 3.34207e-31
404.4 3.28591e-31
404.5 3.23068e-31
404.6 3.17639e-31
404.7 3.123e-31
404.8 3.07052e-31
404.9 3.01891e-31
405 2.96818e-31
405.1 2.91829e-31
405.2 2.86925e-31
405.3 2.82102e-31
405.4 2.77361e-31
405.5 2.727e-31
405.6 2.68117e-31
405.7 2.63611e-31
405.8 2.5918e-31
405.9 2.54825e-31
406 2.50542e-31
406.1 2.46331e-31
406.2 2.42191e-31
406.3 2.38121e-31
406.4 2.34119e-31
406.5 2.30184e-31
406.6 2.26316e-31
406.7 2.22512e-31
406.8 2.18773e-31
406.9 2.15096e-31
407 2.11481e-31
407.1 2.07927e-31
407.2 2.04432e-31
407.3 2.00996e-31
407.4 1.97618e-31
407.5 1.94297e-31
407.6 1.91032e-31
407.7 1.87821e-31
407.8 1.84665e-31
407.9 1.81561e-31
408 1.7851e-31
408.1 1.7551e-31
408.2 1.7256e-31
408.3 1.6966e-31
408.4 1.66809e-31
408.5 1.64005e-31
408.6 1.61249e-31
408.7 1.58539e-31
408.8 1.55874e-31
408.9 1.53255e-31
409 1.50679e-31
409.1 1.48147e-31
409.2 1.45657e-31
409.3 1.43209e-31
409.4 1.40802e-31
409.5 1.38436e-31
409.6 1.36109e-31
409.7 1.33822e-31
409.8 1.31573e-31
409.9 1.29361e-31
410 1.27187e-31
410.1 1.2505e-31
410.2 1.22948e-31
410.3 1.20882e-31
410.4 1.1885e-31
410.5 1.16853e-31
410.6 1.14889e-31
410.7 1.12958e-31
410.8 1.1106e-31
410.9 1.09193e-31
411 1.07358e-31
411.1 1.05554e-31
411.2 1.0378e-31
411.3 1.02036e-31
411.4 1.00321e-31
411.5 9.86347e-32
411.6 9.6977e-32
411.7 9.53472e-32
411.8 9.37447e-32
411.9 9.21692e-32
412 9.06202e-32
412.1 8.90972e-32
412.2 8.75998e-32
412.3 8.61276e-32
412.4 8.46801e-32
412.5 8.32569e-32
412.6 8.18577e-32
412.7 8.0482e-32
412.8 7.91294e-32
412.9 7.77995e-32
413 7.6492e-32
413.1 7.52064e-32
413.2 7.39425e-32
413.3 7.26998e-32
413.4 7.1478e-32
413.5 7.02767e-32
413.6 6.90956e-32
413.7 6.79343e-32
413.8 6.67926e-32
413.9 6.56701e-32
414 6.45664e-32
414.1 6.34813e-32
414.2 6.24144e-32
414.3 6.13654e-32
414.4 6.03341e-32
414.5 5.93201e-32
414.6 5.83232e-32
414.7 5.7343e-32
414.8 5.63792e-32
414.9 5.54317e-32
415 5.45001e-32
415.1 5.35842e-32
415.2 5.26836e-32
415.3 5.17982e-32
415.4 5.09276e-32
415.5 5.00717e-32
415.6 4.92302e-32
415.7 4.84028e-32
415.8 4.75894e-32
415.9 4.67896e-32
416 4.60032e-32
416.1 4.52301e-32
416.2 4.44699e-32
416.3 4.37225e-32
416.4 4.29877e-32
416.5 4.22653e-32
416.6 4.15549e-32
416.7 4.08565e-32
416.8 4.01699e-32
416.9 3.94948e-32
417 3.8831e-32
417.1 3.81784e-32
417.2 3.75368e-32
417.3 3.69059e-32
417.4 3.62857e-32
417.5 3.56758e-32
417.6 3.50763e-32
417.7 3.44868e-32
417.8 3.39072e-32
417.9 3.33373e-32
418 3.2777e-32
418.1 3.22262e-32
418.2 3.16846e-32
418.3 3.11521e-32
418.4 3.06285e-32
418.5 3.01138e-32
418.6 2.96077e-32
418.7 2.91101e-32
418.8 2.86208e-32
418.9 2.81398e-32
419 2.76669e-32
419.1 2.72019e-32
419.2 2.67447e-32
419.3 2.62953e-32
419.4 2.58533e-32
419.5 2.54188e-32
419.6 2.49916e-32
419.7 2.45716e-32
419.8 2.41587e-32
419.9 2.37527e-32
420 2.33535e-32
420.1 2.2961e-32
420.2 2.25751e-32
420.3 2.21957e-32
420.4 2.18226e-32
420.5 2.14559e-32
420.6 2.10953e-32
420.7 2.07408e-32
420.8 2.03922e-32
420.9 2.00495e-32
421 1.97125e-32
421.1 1.93812e-32
421.2 1.90555e-32
421.3 1.87352e-32
421.4 1.84204e-32
421.5 1.81108e-32
421.6 1.78064e-32
421.7 1.75072e-32
421.8 1.72129e-32
421.9 1.69236e-32
422 1.66392e-32
422.1 1.63596e-32
422.2 1.60846e-32
422.3 1.58143e-32
422.4 1.55485e-32
422.5 1.52872e-32
422.6 1.50303e-32
422.7 1.47777e-32
422.8 1.45293e-32
422.9 1.42851e-32
423 1.40451e-32
423.1 1.3809e-32
423.2 1.35769e-32
423.3 1.33488e-32
423.4 1.31244e-32
423.5 1.29038e-32
423.6 1.2687e-32
423.7 1.24737e-32
423.8 1.22641e-32
423.9 1.2058e-32
424 1.18553e-32
424.1 1.16561e-32
424.2 1.14602e-32
424.3 1.12676e-32
424.4 1.10782e-32
424.5 1.0892e-32
424.6 1.0709e-32
424.7 1.0529e-32
424.8 1.03521e-32
424.9 1.01781e-32
425 1.0007e-32
425.1 9.83884e-33
425.2 9.67349e-33
425.3 9.51091e-33
425.4 9.35107e-33
425.5 9.19391e-33
425.6 9.0394e-33
425.7 8.88748e-33
425.8 8.73811e-33
425.9 8.59126e-33
426 8.44687e-33
426.1 8.30491e-33
426.2 8.16533e-33
426.3 8.0281e-33
426.4 7.89318e-33
426.5 7.76053e-33
426.6 7.6301e-33
426.7 7.50187e-33
426.8 7.37579e-33
426.9 7.25183e-33
427 7.12995e-33
427.1 7.01012e-33
427.2 6.89231e-33
427.3 6.77647e-33
427.4 6.66259e-33
427.5 6.55061e-33
427.6 6.44052e-33
427.7 6.33228e-33
427.8 6.22586e-33
427.9 6.12122e-33
428 6.01835e-33
428.1 5.9172e-33
428.2 5.81776e-33
428.3 5.71998e-33
428.4 5.62385e-33
428.5 5.52933e-33
428.6 5.4364e-33
428.7 5.34504e-33
428.8 5.25521e-33
428.9 5.16689e-33
429 5.08005e-33
429.1 4.99467e-33
429.2 4.91073e-33
429.3 4.8282e-33
429.4 4.74706e-33
429.5 4.66728e-33
429.6 4.58884e-33
429.7 4.51171e-33
429.8 4.43589e-33
429.9 4.36134e-33
430 4.28804e-33
430.1 4.21597e-33
430.2 4.14512e-33
430.3 4.07545e-33
430.4 4.00696e-33
430.5 3.93962e-33
430.6 3.87341e-33
430.7 3.80831e-33
430.8 3.74431e-33
430.9 3.68138e-33
431 3.61951e-33
431.1 3.55868e-33
431.2 3.49887e-33
431.3 3.44007e-33
431.4 3.38225e-33
431.5 3.32541e-33
431.6 3.26952e-33
431.7 3.21457e-33
431.8 3.16055e-33
431.9 3.10743e-33
432 3.0552e-33
432.1 3.00386e-33
432.2 2.95337e-33
432.3 2.90374e-33
432.4 2.85494e-33
432.5 2.80696e-33
432.6 2.75978e-33
432.7 2.7134e-33
432.8 2.6678e-33
432.9 2.62296e-33
