0 0
0.1 1.61502e-08
0.2 1.03795e-06
0.3 1.04212e-05
0.4 4.92611e-05
0.5 0.000154814
0.6 0.000377051
0.7 0.000772049
0.8 0.00139495
0.9 0.00229413
1 0.00350726
1.1 0.00505925
1.2 0.00696172
1.3 0.00921367
1.4 0.0118029
1.5 0.0147078
1.6 0.0178995
1.7 0.0213433
1.8 0.0250012
1.9 0.028833
2 0.0327977
2.1 0.0368551
2.2 0.0409659
2.3 0.045093
2.4 0.049202
2.5 0.0532609
2.6 0.0572413
2.7 0.0611174
2.8 0.064867
2.9 0.0684708
3 0.0719125
3.1 0.0751786
3.2 0.0782584
3.3 0.0811434
3.4 0.0838277
3.5 0.0863072
3.6 0.0885798
3.7 0.0906449
3.8 0.0925035
3.9 0.094158
4 0.0956115
4.1 0.0968685
4.2 0.0979342
4.3 0.0988142
4.4 0.0995151
4.5 0.100044
4.6 0.100407
4.7 0.100612
4.8 0.100667
4.9 0.10058
5 0.100358
5.1 0.100009
5.2 0.0995411
5.3 0.0989612
5.4 0.098277
5.5 0.0974958
5.6 0.0966248
5.7 0.0956709
5.8 0.0946408
5.9 0.0935409
6 0.0923775
6.1 0.0911564
6.2 0.0898835
6.3 0.0885642
6.4 0.0872037
6.5 0.085807
6.6 0.0843787
6.7 0.0829233
6.8 0.0814449
6.9 0.0799477
7 0.0784352
7.1 0.076911
7.2 0.0753784
7.3 0.0738404
7.4 0.0722999
7.5 0.0707597
7.6 0.0692221
7.7 0.0676894
7.8 0.0664547
7.9 0.0655861
8 0.0647287
8.1 0.0638826
8.2 0.0630476
8.3 0.0622234
8.4 0.0614101
8.5 0.0606073
8.6 0.0598151
8.7 0.0590332
8.8 0.0582615
8.9 0.0575
9 0.0567483
9.1 0.0560065
9.2 0.0552744
9.3 0.0545519
9.4 0.0538388
9.5 0.0531351
9.6 0.0524405
9.7 0.051755
9.8 0.0510785
9.9 0.0504108
10 0.0497518
10.1 0.0491015
10.2 0.0484597
10.3 0.0478262
10.4 0.047201
10.5 0.046584
10.6 0.0459751
10.7 0.0453741
10.8 0.044781
10.9 0.0441957
11 0.0436179
11.1 0.0430478
11.2 0.0424851
11.3 0.0419297
11.4 0.0413816
11.5 0.0408407
11.6 0.0403068
11.7 0.03978
11.8 0.03926
11.9 0.0387468
12 0.0382403
12.1 0.0377404
12.2 0.0372471
12.3 0.0367602
12.4 0.0362797
12.5 0.0358055
12.6 0.0353374
12.7 0.0348755
12.8 0.0344196
12.9 0.0339697
13 0.0335256
13.1 0.0330874
13.2 0.0326549
13.3 0.032228
13.4 0.0318068
13.5 0.031391
13.6 0.0309807
13.7 0.0305757
13.8 0.030176
13.9 0.0297816
14 0.0293923
14.1 0.0290081
14.2 0.0286289
14.3 0.0282546
14.4 0.0278853
14.5 0.0275208
14.6 0.0271611
14.7 0.026806
14.8 0.0264556
14.9 0.0261098
15 0.0257685
15.1 0.0254317
15.2 0.0250992
15.3 0.0247711
15.4 0.0244473
15.5 0.0241278
15.6 0.0238124
15.7 0.0235011
15.8 0.0231939
15.9 0.0228907
16 0.0225915
16.1 0.0222962
16.2 0.0220047
16.3 0.0217171
16.4 0.0214332
16.5 0.0211531
16.6 0.0208765
16.7 0.0206037
16.8 0.0203343
16.9 0.0200685
17 0.0198062
17.1 0.0195473
17.2 0.0192918
17.3 0.0190396
17.4 0.0187907
17.5 0.0185451
17.6 0.0183027
17.7 0.0180634
17.8 0.0178273
17.9 0.0175943
18 0.0173643
18.1 0.0171373
18.2 0.0169133
18.3 0.0166922
18.4 0.016474
18.5 0.0162587
18.6 0.0160461
18.7 0.0158364
18.8 0.0156294
18.9 0.0154251
19 0.0152234
19.1 0.0150245
19.2 0.0148281
19.3 0.0146342
19.4 0.0144429
19.5 0.0142541
19.6 0.0140678
19.7 0.0138839
19.8 0.0137024
19.9 0.0135233
20 0.0133466
20.1 0.0131721
20.2 0.0129999
20.3 0.01283
20.4 0.0126623
20.5 0.0124967
20.6 0.0123334
20.7 0.0121722
20.8 0.0120131
20.9 0.011856
21 0.0117011
21.1 0.0115481
21.2 0.0113971
21.3 0.0112482
21.4 0.0111011
21.5 0.010956
21.6 0.0108128
21.7 0.0106715
21.8 0.010532
21.9 0.0103943
22 0.0102584
22.1 0.0101243
22.2 0.009992
22.3 0.00986138
22.4 0.00973248
22.5 0.00960526
22.6 0.0094797
22.7 0.00935579
22.8 0.00923349
22.9 0.00911279
23 0.00899367
23.1 0.00887611
23.2 0.00876008
23.3 0.00864557
23.4 0.00853256
23.5 0.00842103
23.6 0.00831095
23.7 0.00820231
23.8 0.00809509
23.9 0.00798928
24 0.00788484
24.1 0.00778177
24.2 0.00768005
24.3 0.00757966
24.4 0.00748058
24.5 0.0073828
24.6 0.00728629
24.7 0.00719105
24.8 0.00709705
24.9 0.00700428
25 0.00691272
25.1 0.00682236
25.2 0.00673318
25.3 0.00664517
25.4 0.0065583
25.5 0.00647257
25.6 0.00638797
25.7 0.00630446
25.8 0.00622205
25.9 0.00614072
26 0.00606045
26.1 0.00598123
26.2 0.00590305
26.3 0.00582588
26.4 0.00574973
26.5 0.00567457
26.6 0.00560039
26.7 0.00552719
26.8 0.00545494
26.9 0.00538363
27 0.00531326
27.1 0.00524381
27.2 0.00517526
27.3 0.00510761
27.4 0.00504085
27.5 0.00497495
27.6 0.00490992
27.7 0.00484574
27.8 0.0047824
27.9 0.00471988
28 0.00465819
28.1 0.0045973
28.2 0.0045372
28.3 0.00447789
28.4 0.00441936
28.5 0.00436159
28.6 0.00430458
28.7 0.00424831
28.8 0.00419278
28.9 0.00413797
29 0.00408388
29.1 0.0040305
29.2 0.00397781
29.3 0.00392581
29.4 0.0038745
29.5 0.00382385
29.6 0.00377387
29.7 0.00372454
29.8 0.00367585
29.9 0.0036278
30 0.00358038
30.1 0.00353358
30.2 0.00348739
30.3 0.0034418
30.4 0.00339681
30.5 0.00335241
30.6 0.00330859
30.7 0.00326534
30.8 0.00322265
30.9 0.00318053
31 0.00313895
31.1 0.00309792
31.2 0.00305743
31.3 0.00301746
31.4 0.00297802
31.5 0.00293909
31.6 0.00290067
31.7 0.00286275
31.8 0.00282533
31.9 0.0027884
32 0.00275195
32.1 0.00271598
32.2 0.00268048
32.3 0.00264544
32.4 0.00261086
32.5 0.00257673
32.6 0.00254305
32.7 0.00250981
32.8 0.002477
32.9 0.00244462
33 0.00241266
33.1 0.00238113
33.2 0.00235
33.3 0.00231928
33.4 0.00228897
33.5 0.00225905
33.6 0.00222952
33.7 0.00220037
33.8 0.00217161
33.9 0.00214322
34 0.00211521
34.1 0.00208756
34.2 0.00206027
34.3 0.00203334
34.4 0.00200676
34.5 0.00198053
34.6 0.00195464
34.7 0.00192909
34.8 0.00190387
34.9 0.00187898
35 0.00185442
35.1 0.00183018
35.2 0.00180626
35.3 0.00178265
35.4 0.00175935
35.5 0.00173635
35.6 0.00171365
35.7 0.00169125
35.8 0.00166914
35.9 0.00164733
36 0.00162579
36.1 0.00160454
36.2 0.00158357
36.3 0.00156287
36.4 0.00154244
36.5 0.00152227
36.6 0.00150238
36.7 0.00148274
36.8 0.00146335
36.9 0.00144423
37 0.00142535
37.1 0.00140672
37.2 0.00138833
37.3 0.00137018
37.4 0.00135227
37.5 0.00133459
37.6 0.00131715
37.7 0.00129993
37.8 0.00128294
37.9 0.00126617
38 0.00124962
38.1 0.00123328
38.2 0.00121716
38.3 0.00120125
38.4 0.00118555
38.5 0.00117005
38.6 0.00115476
38.7 0.00113966
38.8 0.00112476
38.9 0.00111006
39 0.00109555
39.1 0.00108123
39.2 0.0010671
39.3 0.00105315
39.4 0.00103938
39.5 0.0010258
39.6 0.00101239
39.7 0.000999153
39.8 0.000986092
39.9 0.000973203
40 0.000960481
40.1 0.000947926
40.2 0.000935535
40.3 0.000923306
40.4 0.000911237
40.5 0.000899325
40.6 0.00088757
40.7 0.000875968
40.8 0.000864517
40.9 0.000853216
41 0.000842063
41.1 0.000831056
41.2 0.000820193
41.3 0.000809472
41.4 0.00079889
41.5 0.000788448
41.6 0.000778141
41.7 0.00076797
41.8 0.000757931
41.9 0.000748023
42 0.000738246
42.1 0.000728595
42.2 0.000719071
42.3 0.000709672
42.4 0.000700395
42.5 0.00069124
42.6 0.000682204
42.7 0.000673287
42.8 0.000664486
42.9 0.0006558
43 0.000647227
43.1 0.000638767
43.2 0.000630417
43.3 0.000622177
43.4 0.000614044
43.5 0.000606017
43.6 0.000598095
43.7 0.000590277
43.8 0.000582561
43.9 0.000574946
44 0.000567431
44.1 0.000560013
44.2 0.000552693
44.3 0.000545468
44.4 0.000538338
44.5 0.000531301
44.6 0.000524356
44.7 0.000517502
44.8 0.000510737
44.9 0.000504061
45 0.000497472
45.1 0.000490969
45.2 0.000484552
45.3 0.000478218
45.4 0.000471967
45.5 0.000465797
45.6 0.000459708
45.7 0.000453699
45.8 0.000447769
45.9 0.000441915
46 0.000436139
46.1 0.000430438
46.2 0.000424811
46.3 0.000419258
46.4 0.000413778
46.5 0.000408369
46.6 0.000403031
46.7 0.000397763
46.8 0.000392563
46.9 0.000387432
47 0.000382367
47.1 0.000377369
47.2 0.000372436
47.3 0.000367568
47.4 0.000362763
47.5 0.000358021
47.6 0.000353341
47.7 0.000348722
47.8 0.000344164
47.9 0.000339665
48 0.000335225
48.1 0.000330843
48.2 0.000326519
48.3 0.00032225
48.4 0.000318038
48.5 0.000313881
48.6 0.000309778
48.7 0.000305729
48.8 0.000301732
48.9 0.000297788
49 0.000293895
49.1 0.000290054
49.2 0.000286262
49.3 0.00028252
49.4 0.000278827
49.5 0.000275182
49.6 0.000271585
49.7 0.000268035
49.8 0.000264532
49.9 0.000261074
50 0.000257661
50.1 0.000254293
50.2 0.000250969
50.3 0.000247688
50.4 0.000244451
50.5 0.000241255
50.6 0.000238102
50.7 0.000234989
50.8 0.000231918
50.9 0.000228886
51 0.000225894
51.1 0.000222941
51.2 0.000220027
51.3 0.000217151
51.4 0.000214312
51.5 0.000211511
51.6 0.000208746
51.7 0.000206017
51.8 0.000203324
51.9 0.000200667
52 0.000198044
52.1 0.000195455
52.2 0.0001929
52.3 0.000190378
52.4 0.00018789
52.5 0.000185434
52.6 0.00018301
52.7 0.000180618
52.8 0.000178257
52.9 0.000175926
53 0.000173627
53.1 0.000171357
53.2 0.000169117
53.3 0.000166907
53.4 0.000164725
53.5 0.000162572
53.6 0.000160447
53.7 0.000158349
53.8 0.000156279
53.9 0.000154236
54 0.00015222
54.1 0.000150231
54.2 0.000148267
54.3 0.000146329
54.4 0.000144416
54.5 0.000142528
54.6 0.000140665
54.7 0.000138826
54.8 0.000137012
54.9 0.000135221
55 0.000133453
55.1 0.000131709
55.2 0.000129987
55.3 0.000128288
55.4 0.000126611
55.5 0.000124956
55.6 0.000123322
55.7 0.00012171
55.8 0.000120119
55.9 0.000118549
56 0.000117
56.1 0.00011547
56.2 0.000113961
56.3 0.000112471
56.4 0.000111001
56.5 0.00010955
56.6 0.000108118
56.7 0.000106705
56.8 0.00010531
56.9 0.000103933
57 0.000102575
57.1 0.000101234
57.2 9.99107e-05
57.3 9.86047e-05
57.4 9.73157e-05
57.5 9.60437e-05
57.6 9.47882e-05
57.7 9.35492e-05
57.8 9.23263e-05
57.9 9.11194e-05
58 8.99284e-05
58.1 8.87528e-05
58.2 8.75927e-05
58.3 8.64477e-05
58.4 8.53177e-05
58.5 8.42024e-05
58.6 8.31018e-05
58.7 8.20155e-05
58.8 8.09434e-05
58.9 7.98853e-05
59 7.88411e-05
59.1 7.78105e-05
59.2 7.67934e-05
59.3 7.57896e-05
59.4 7.47989e-05
59.5 7.38211e-05
59.6 7.28562e-05
59.7 7.19038e-05
59.8 7.09639e-05
59.9 7.00363e-05
60 6.91208e-05
60.1 6.82173e-05
60.2 6.73255e-05
60.3 6.64455e-05
60.4 6.55769e-05
60.5 6.47197e-05
60.6 6.38737e-05
60.7 6.30388e-05
60.8 6.22148e-05
60.9 6.14015e-05
61 6.05989e-05
61.1 5.98068e-05
61.2 5.9025e-05
61.3 5.82534e-05
61.4 5.74919e-05
61.5 5.67404e-05
61.6 5.59987e-05
61.7 5.52667e-05
61.8 5.45443e-05
61.9 5.38313e-05
62 5.31277e-05
62.1 5.24332e-05
62.2 5.17478e-05
62.3 5.10714e-05
62.4 5.04038e-05
62.5 4.97449e-05
62.6 4.90947e-05
62.7 4.84529e-05
62.8 4.78195e-05
62.9 4.71945e-05
63 4.65775e-05
63.1 4.59687e-05
63.2 4.53678e-05
63.3 4.47748e-05
63.4 4.41895e-05
63.5 4.36119e-05
63.6 4.30418e-05
63.7 4.24791e-05
63.8 4.19239e-05
63.9 4.13759e-05
64 4.0835e-05
64.1 4.03012e-05
64.2 3.97744e-05
64.3 3.92545e-05
64.4 3.87414e-05
64.5 3.8235e-05
64.6 3.77352e-05
64.7 3.72419e-05
64.8 3.67551e-05
64.9 3.62746e-05
65 3.58005e-05
65.1 3.53325e-05
65.2 3.48706e-05
65.3 3.44148e-05
65.4 3.39649e-05
65.5 3.3521e-05
65.6 3.30828e-05
65.7 3.26503e-05
65.8 3.22235e-05
65.9 3.18023e-05
66 3.13866e-05
66.1 3.09763e-05
66.2 3.05714e-05
66.3 3.01718e-05
66.4 2.97774e-05
66.5 2.93882e-05
66.6 2.9004e-05
66.7 2.86249e-05
66.8 2.82507e-05
66.9 2.78814e-05
67 2.7517e-05
67.1 2.71573e-05
67.2 2.68023e-05
67.3 2.64519e-05
67.4 2.61062e-05
67.5 2.57649e-05
67.6 2.54281e-05
67.7 2.50957e-05
67.8 2.47677e-05
67.9 2.44439e-05
68 2.41244e-05
68.1 2.38091e-05
68.2 2.34978e-05
68.3 2.31907e-05
68.4 2.28875e-05
68.5 2.25884e-05
68.6 2.22931e-05
68.7 2.20017e-05
68.8 2.17141e-05
68.9 2.14302e-05
69 2.11501e-05
69.1 2.08736e-05
69.2 2.06008e-05
69.3 2.03315e-05
69.4 2.00657e-05
69.5 1.98034e-05
69.6 1.95446e-05
69.7 1.92891e-05
69.8 1.90369e-05
69.9 1.87881e-05
70 1.85425e-05
70.1 1.83001e-05
70.2 1.80609e-05
70.3 1.78248e-05
70.4 1.75918e-05
70.5 1.73619e-05
70.6 1.71349e-05
70.7 1.69109e-05
70.8 1.66899e-05
70.9 1.64717e-05
71 1.62564e-05
71.1 1.60439e-05
71.2 1.58342e-05
71.3 1.56272e-05
71.4 1.54229e-05
71.5 1.52213e-05
71.6 1.50224e-05
71.7 1.4826e-05
71.8 1.46322e-05
71.9 1.44409e-05
72 1.42522e-05
72.1 1.40659e-05
72.2 1.3882e-05
72.3 1.37005e-05
72.4 1.35214e-05
72.5 1.33447e-05
72.6 1.31703e-05
72.7 1.29981e-05
72.8 1.28282e-05
72.9 1.26605e-05
73 1.2495e-05
73.1 1.23317e-05
73.2 1.21705e-05
73.3 1.20114e-05
73.4 1.18544e-05
73.5 1.16994e-05
73.6 1.15465e-05
73.7 1.13956e-05
73.8 1.12466e-05
73.9 1.10996e-05
74 1.09545e-05
74.1 1.08113e-05
74.2 1.067e-05
74.3 1.05305e-05
74.4 1.03929e-05
74.5 1.0257e-05
74.6 1.01229e-05
74.7 9.9906e-06
74.8 9.86001e-06
74.9 9.73112e-06
75 9.60392e-06
75.1 9.47838e-06
75.2 9.35448e-06
75.3 9.2322e-06
75.4 9.11152e-06
75.5 8.99242e-06
75.6 8.87487e-06
75.7 8.75886e-06
75.8 8.64437e-06
75.9 8.53137e-06
76 8.41985e-06
76.1 8.30979e-06
76.2 8.20117e-06
76.3 8.09396e-06
76.4 7.98816e-06
76.5 7.88374e-06
76.6 7.78069e-06
76.7 7.67898e-06
76.8 7.5786e-06
76.9 7.47954e-06
77 7.38177e-06
77.1 7.28528e-06
77.2 7.19005e-06
77.3 7.09606e-06
77.4 7.0033e-06
77.5 6.91176e-06
77.6 6.82141e-06
77.7 6.73224e-06
77.8 6.64424e-06
77.9 6.55739e-06
78 6.47167e-06
78.1 6.38708e-06
78.2 6.30359e-06
78.3 6.22119e-06
78.4 6.13987e-06
78.5 6.05961e-06
78.6 5.9804e-06
78.7 5.90222e-06
78.8 5.82507e-06
78.9 5.74893e-06
79 5.67378e-06
79.1 5.59961e-06
79.2 5.52642e-06
79.3 5.45418e-06
79.4 5.38288e-06
79.5 5.31252e-06
79.6 5.24307e-06
79.7 5.17454e-06
79.8 5.1069e-06
79.9 5.04014e-06
80 4.97426e-06
80.1 4.90924e-06
80.2 4.84507e-06
80.3 4.78173e-06
80.4 4.71923e-06
80.5 4.65754e-06
80.6 4.59666e-06
80.7 4.53657e-06
80.8 4.47727e-06
80.9 4.41874e-06
81 4.36098e-06
81.1 4.30398e-06
81.2 4.24772e-06
81.3 4.19219e-06
81.4 4.13739e-06
81.5 4.08331e-06
81.6 4.02993e-06
81.7 3.97726e-06
81.8 3.92527e-06
81.9 3.87396e-06
82 3.82332e-06
82.1 3.77334e-06
82.2 3.72402e-06
82.3 3.67534e-06
82.4 3.62729e-06
82.5 3.57988e-06
82.6 3.53308e-06
82.7 3.4869e-06
82.8 3.44132e-06
82.9 3.39634e-06
83 3.35194e-06
83.1 3.30813e-06
83.2 3.26488e-06
83.3 3.22221e-06
83.4 3.18009e-06
83.5 3.13852e-06
83.6 3.09749e-06
83.7 3.057e-06
83.8 3.01704e-06
83.9 2.9776e-06
84 2.93868e-06
84.1 2.90027e-06
84.2 2.86236e-06
84.3 2.82494e-06
84.4 2.78801e-06
84.5 2.75157e-06
84.6 2.7156e-06
84.7 2.6801e-06
84.8 2.64507e-06
84.9 2.61049e-06
85 2.57637e-06
85.1 2.54269e-06
85.2 2.50946e-06
85.3 2.47665e-06
85.4 2.44428e-06
85.5 2.41233e-06
85.6 2.38079e-06
85.7 2.34967e-06
85.8 2.31896e-06
85.9 2.28865e-06
86 2.25873e-06
86.1 2.2292e-06
86.2 2.20007e-06
86.3 2.17131e-06
86.4 2.14292e-06
86.5 2.11491e-06
86.6 2.08727e-06
86.7 2.05998e-06
86.8 2.03306e-06
86.9 2.00648e-06
87 1.98025e-06
87.1 1.95437e-06
87.2 1.92882e-06
87.3 1.90361e-06
87.4 1.87872e-06
87.5 1.85416e-06
87.6 1.82993e-06
87.7 1.80601e-06
87.8 1.7824e-06
87.9 1.7591e-06
88 1.73611e-06
88.1 1.71341e-06
88.2 1.69102e-06
88.3 1.66891e-06
88.4 1.6471e-06
88.5 1.62556e-06
88.6 1.60432e-06
88.7 1.58334e-06
88.8 1.56265e-06
88.9 1.54222e-06
89 1.52206e-06
89.1 1.50217e-06
89.2 1.48253e-06
89.3 1.46315e-06
89.4 1.44403e-06
89.5 1.42515e-06
89.6 1.40652e-06
89.7 1.38813e-06
89.8 1.36999e-06
89.9 1.35208e-06
90 1.33441e-06
90.1 1.31696e-06
90.2 1.29975e-06
90.3 1.28276e-06
90.4 1.26599e-06
90.5 1.24944e-06
90.6 1.23311e-06
90.7 1.21699e-06
90.8 1.20108e-06
90.9 1.18538e-06
91 1.16989e-06
91.1 1.1546e-06
91.2 1.1395e-06
91.3 1.12461e-06
91.4 1.10991e-06
91.5 1.0954e-06
91.6 1.08108e-06
91.7 1.06695e-06
91.8 1.053e-06
91.9 1.03924e-06
92 1.02565e-06
92.1 1.01225e-06
92.2 9.99014e-07
92.3 9.85955e-07
92.4 9.73067e-07
92.5 9.60347e-07
92.6 9.47794e-07
92.7 9.35405e-07
92.8 9.23177e-07
92.9 9.1111e-07
93 8.992e-07
93.1 8.87446e-07
93.2 8.75845e-07
93.3 8.64397e-07
93.4 8.53098e-07
93.5 8.41946e-07
93.6 8.3094e-07
93.7 8.20079e-07
93.8 8.09359e-07
93.9 7.98779e-07
94 7.88338e-07
94.1 7.78033e-07
94.2 7.67863e-07
94.3 7.57825e-07
94.4 7.47919e-07
94.5 7.38143e-07
94.6 7.28494e-07
94.7 7.18971e-07
94.8 7.09573e-07
94.9 7.00298e-07
95 6.91144e-07
95.1 6.82109e-07
95.2 6.73193e-07
95.3 6.64393e-07
95.4 6.55708e-07
95.5 6.47137e-07
95.6 6.38678e-07
95.7 6.30329e-07
95.8 6.2209e-07
95.9 6.13958e-07
96 6.05932e-07
96.1 5.98012e-07
96.2 5.90195e-07
96.3 5.8248e-07
96.4 5.74866e-07
96.5 5.67352e-07
96.6 5.59935e-07
96.7 5.52616e-07
96.8 5.45392e-07
96.9 5.38263e-07
97 5.31227e-07
97.1 5.24283e-07
97.2 5.1743e-07
97.3 5.10666e-07
97.4 5.03991e-07
97.5 4.97403e-07
97.6 4.90901e-07
97.7 4.84484e-07
97.8 4.78151e-07
97.9 4.71901e-07
98 4.65732e-07
98.1 4.59644e-07
98.2 4.53636e-07
98.3 4.47706e-07
98.4 4.41854e-07
98.5 4.36078e-07
98.6 4.30378e-07
98.7 4.24752e-07
98.8 4.192e-07
98.9 4.1372e-07
99 4.08312e-07
99.1 4.02975e-07
99.2 3.97707e-07
99.3 3.92508e-07
99.4 3.87378e-07
99.5 3.82314e-07
99.6 3.77317e-07
99.7 3.72384e-07
99.8 3.67517e-07
99.9 3.62713e-07
100 3.57971e-07
100.1 3.53292e-07
100.2 3.48674e-07
100.3 3.44116e-07
100.4 3.39618e-07
100.5 3.35179e-07
100.6 3.30797e-07
100.7 3.26473e-07
100.8 3.22206e-07
100.9 3.17994e-07
101 3.13837e-07
101.1 3.09735e-07
101.2 3.05686e-07
101.3 3.0169e-07
101.4 2.97746e-07
101.5 2.93854e-07
101.6 2.90013e-07
101.7 2.86222e-07
101.8 2.82481e-07
101.9 2.78788e-07
102 2.75144e-07
102.1 2.71547e-07
102.2 2.67998e-07
102.3 2.64495e-07
102.4 2.61037e-07
102.5 2.57625e-07
102.6 2.54258e-07
102.7 2.50934e-07
102.8 2.47654e-07
102.9 2.44417e-07
103 2.41222e-07
103.1 2.38068e-07
103.2 2.34956e-07
103.3 2.31885e-07
103.4 2.28854e-07
103.5 2.25863e-07
103.6 2.2291e-07
103.7 2.19996e-07
103.8 2.17121e-07
103.9 2.14282e-07
104 2.11481e-07
104.1 2.08717e-07
104.2 2.05989e-07
104.3 2.03296e-07
104.4 2.00639e-07
104.5 1.98016e-07
104.6 1.95428e-07
104.7 1.92873e-07
104.8 1.90352e-07
104.9 1.87864e-07
105 1.85408e-07
105.1 1.82984e-07
105.2 1.80592e-07
105.3 1.78232e-07
105.4 1.75902e-07
105.5 1.73603e-07
105.6 1.71333e-07
105.7 1.69094e-07
105.8 1.66883e-07
105.9 1.64702e-07
106 1.62549e-07
106.1 1.60424e-07
106.2 1.58327e-07
106.3 1.56258e-07
106.4 1.54215e-07
106.5 1.52199e-07
106.6 1.5021e-07
106.7 1.48246e-07
106.8 1.46308e-07
106.9 1.44396e-07
107 1.42508e-07
107.1 1.40645e-07
107.2 1.38807e-07
107.3 1.36993e-07
107.4 1.35202e-07
107.5 1.33434e-07
107.6 1.3169e-07
107.7 1.29969e-07
107.8 1.2827e-07
107.9 1.26593e-07
108 1.24938e-07
108.1 1.23305e-07
108.2 1.21693e-07
108.3 1.20103e-07
108.4 1.18533e-07
108.5 1.16983e-07
108.6 1.15454e-07
108.7 1.13945e-07
108.8 1.12456e-07
108.9 1.10986e-07
109 1.09535e-07
109.1 1.08103e-07
109.2 1.0669e-07
109.3 1.05295e-07
109.4 1.03919e-07
109.5 1.0256e-07
109.6 1.0122e-07
109.7 9.98967e-08
109.8 9.85909e-08
109.9 9.73022e-08
110 9.60303e-08
110.1 9.4775e-08
110.2 9.35361e-08
110.3 9.23134e-08
110.4 9.11067e-08
110.5 8.99158e-08
110.6 8.87405e-08
110.7 8.75805e-08
110.8 8.64356e-08
110.9 8.53058e-08
111 8.41907e-08
111.1 8.30902e-08
111.2 8.2004e-08
111.3 8.09321e-08
111.4 7.98742e-08
111.5 7.88301e-08
111.6 7.77997e-08
111.7 7.67827e-08
111.8 7.5779e-08
111.9 7.47884e-08
112 7.38108e-08
112.1 7.2846e-08
112.2 7.18938e-08
112.3 7.0954e-08
112.4 7.00265e-08
112.5 6.91111e-08
112.6 6.82077e-08
112.7 6.73161e-08
112.8 6.64362e-08
112.9 6.55678e-08
113 6.47107e-08
113.1 6.38648e-08
113.2 6.303e-08
113.3 6.22061e-08
113.4 6.13929e-08
113.5 6.05904e-08
113.6 5.97984e-08
113.7 5.90167e-08
113.8 5.82453e-08
113.9 5.74839e-08
114 5.67325e-08
114.1 5.59909e-08
114.2 5.5259e-08
114.3 5.45367e-08
114.4 5.38238e-08
114.5 5.31202e-08
114.6 5.24259e-08
114.7 5.17406e-08
114.8 5.10642e-08
114.9 5.03967e-08
115 4.9738e-08
115.1 4.90878e-08
115.2 4.84461e-08
115.3 4.78129e-08
115.4 4.71879e-08
115.5 4.65711e-08
115.6 4.59623e-08
115.7 4.53615e-08
115.8 4.47685e-08
115.9 4.41833e-08
116 4.36058e-08
116.1 4.30358e-08
116.2 4.24732e-08
116.3 4.1918e-08
116.4 4.13701e-08
116.5 4.08293e-08
116.6 4.02956e-08
116.7 3.97689e-08
116.8 3.9249e-08
116.9 3.8736e-08
117 3.82296e-08
117.1 3.77299e-08
117.2 3.72367e-08
117.3 3.675e-08
117.4 3.62696e-08
117.5 3.57955e-08
117.6 3.53276e-08
117.7 3.48658e-08
117.8 3.441e-08
117.9 3.39602e-08
118 3.35163e-08
118.1 3.30782e-08
118.2 3.26458e-08
118.3 3.22191e-08
118.4 3.17979e-08
118.5 3.13822e-08
118.6 3.0972e-08
118.7 3.05672e-08
118.8 3.01676e-08
118.9 2.97733e-08
119 2.93841e-08
119.1 2.9e-08
119.2 2.86209e-08
119.3 2.82468e-08
119.4 2.78775e-08
119.5 2.75131e-08
119.6 2.71535e-08
119.7 2.67985e-08
119.8 2.64482e-08
119.9 2.61025e-08
120 2.57613e-08
120.1 2.54246e-08
120.2 2.50922e-08
120.3 2.47642e-08
120.4 2.44405e-08
120.5 2.4121e-08
120.6 2.38057e-08
120.7 2.34946e-08
120.8 2.31874e-08
120.9 2.28843e-08
121 2.25852e-08
121.1 2.229e-08
121.2 2.19986e-08
121.3 2.1711e-08
121.4 2.14272e-08
121.5 2.11472e-08
121.6 2.08707e-08
121.7 2.05979e-08
121.8 2.03287e-08
121.9 2.00629e-08
122 1.98007e-08
122.1 1.95418e-08
122.2 1.92864e-08
122.3 1.90343e-08
122.4 1.87855e-08
122.5 1.85399e-08
122.6 1.82976e-08
122.7 1.80584e-08
122.8 1.78223e-08
122.9 1.75894e-08
123 1.73594e-08
123.1 1.71325e-08
123.2 1.69086e-08
123.3 1.66876e-08
123.4 1.64694e-08
123.5 1.62541e-08
123.6 1.60417e-08
123.7 1.5832e-08
123.8 1.5625e-08
123.9 1.54208e-08
124 1.52192e-08
124.1 1.50203e-08
124.2 1.48239e-08
124.3 1.46301e-08
124.4 1.44389e-08
124.5 1.42502e-08
124.6 1.40639e-08
124.7 1.38801e-08
124.8 1.36986e-08
124.9 1.35196e-08
125 1.33428e-08
125.1 1.31684e-08
125.2 1.29963e-08
125.3 1.28264e-08
125.4 1.26587e-08
125.5 1.24933e-08
125.6 1.233e-08
125.7 1.21688e-08
125.8 1.20097e-08
125.9 1.18527e-08
126 1.16978e-08
126.1 1.15449e-08
126.2 1.1394e-08
126.3 1.1245e-08
126.4 1.1098e-08
126.5 1.0953e-08
126.6 1.08098e-08
126.7 1.06685e-08
126.8 1.0529e-08
126.9 1.03914e-08
127 1.02556e-08
127.1 1.01215e-08
127.2 9.98921e-09
127.3 9.85863e-09
127.4 9.72976e-09
127.5 9.60258e-09
127.6 9.47706e-09
127.7 9.35318e-09
127.8 9.23091e-09
127.9 9.11025e-09
128 8.99116e-09
128.1 8.87363e-09
128.2 8.75764e-09
128.3 8.64316e-09
128.4 8.53018e-09
128.5 8.41868e-09
128.6 8.30863e-09
128.7 8.20002e-09
128.8 8.09284e-09
128.9 7.98705e-09
129 7.88264e-09
129.1 7.7796e-09
129.2 7.67791e-09
129.3 7.57755e-09
129.4 7.4785e-09
129.5 7.38074e-09
129.6 7.28426e-09
129.7 7.18904e-09
129.8 7.09507e-09
129.9 7.00233e-09
130 6.91079e-09
130.1 6.82046e-09
130.2 6.7313e-09
130.3 6.64331e-09
130.4 6.55647e-09
130.5 6.47077e-09
130.6 6.38618e-09
130.7 6.30271e-09
130.8 6.22032e-09
130.9 6.13901e-09
131 6.05876e-09
131.1 5.97956e-09
131.2 5.9014e-09
131.3 5.82426e-09
131.4 5.74813e-09
131.5 5.67299e-09
131.6 5.59883e-09
131.7 5.52565e-09
131.8 5.45342e-09
131.9 5.38213e-09
132 5.31178e-09
132.1 5.24234e-09
132.2 5.17382e-09
132.3 5.10619e-09
132.4 5.03944e-09
132.5 4.97357e-09
132.6 4.90855e-09
132.7 4.84439e-09
132.8 4.78107e-09
132.9 4.71857e-09
133 4.65689e-09
133.1 4.59602e-09
133.2 4.53594e-09
133.3 4.47664e-09
133.4 4.41813e-09
133.5 4.36038e-09
133.6 4.30338e-09
133.7 4.24712e-09
133.8 4.19161e-09
133.9 4.13682e-09
134 4.08274e-09
134.1 4.02937e-09
134.2 3.9767e-09
134.3 3.92472e-09
134.4 3.87342e-09
134.5 3.82278e-09
134.6 3.77281e-09
134.7 3.7235e-09
134.8 3.67482e-09
134.9 3.62679e-09
135 3.57938e-09
135.1 3.53259e-09
135.2 3.48641e-09
135.3 3.44084e-09
135.4 3.39586e-09
135.5 3.35147e-09
135.6 3.30766e-09
135.7 3.26443e-09
135.8 3.22176e-09
135.9 3.17964e-09
136 3.13808e-09
136.1 3.09706e-09
136.2 3.05657e-09
136.3 3.01662e-09
136.4 2.97719e-09
136.5 2.93827e-09
136.6 2.89986e-09
136.7 2.86196e-09
136.8 2.82455e-09
136.9 2.78762e-09
137 2.75119e-09
137.1 2.71522e-09
137.2 2.67973e-09
137.3 2.6447e-09
137.4 2.61013e-09
137.5 2.57601e-09
137.6 2.54234e-09
137.7 2.50911e-09
137.8 2.47631e-09
137.9 2.44394e-09
138 2.41199e-09
138.1 2.38046e-09
138.2 2.34935e-09
138.3 2.31864e-09
138.4 2.28833e-09
138.5 2.25842e-09
138.6 2.22889e-09
138.7 2.19976e-09
138.8 2.171e-09
138.9 2.14263e-09
139 2.11462e-09
139.1 2.08698e-09
139.2 2.0597e-09
139.3 2.03277e-09
139.4 2.0062e-09
139.5 1.97998e-09
139.6 1.95409e-09
139.7 1.92855e-09
139.8 1.90334e-09
139.9 1.87846e-09
140 1.85391e-09
140.1 1.82967e-09
140.2 1.80576e-09
140.3 1.78215e-09
140.4 1.75886e-09
140.5 1.73586e-09
140.6 1.71317e-09
140.7 1.69078e-09
140.8 1.66868e-09
140.9 1.64687e-09
141 1.62534e-09
141.1 1.60409e-09
141.2 1.58312e-09
141.3 1.56243e-09
141.4 1.54201e-09
141.5 1.52185e-09
141.6 1.50196e-09
141.7 1.48232e-09
141.8 1.46295e-09
141.9 1.44382e-09
142 1.42495e-09
142.1 1.40632e-09
142.2 1.38794e-09
142.3 1.3698e-09
142.4 1.35189e-09
142.5 1.33422e-09
142.6 1.31678e-09
142.7 1.29957e-09
142.8 1.28258e-09
142.9 1.26581e-09
143 1.24927e-09
143.1 1.23294e-09
143.2 1.21682e-09
143.3 1.20092e-09
143.4 1.18522e-09
143.5 1.16972e-09
143.6 1.15443e-09
143.7 1.13934e-09
143.8 1.12445e-09
143.9 1.10975e-09
144 1.09525e-09
144.1 1.08093e-09
144.2 1.0668e-09
144.3 1.05285e-09
144.4 1.03909e-09
144.5 1.02551e-09
144.6 1.0121e-09
144.7 9.98874e-10
144.8 9.85817e-10
144.9 9.72931e-10
145 9.60213e-10
145.1 9.47662e-10
145.2 9.35274e-10
145.3 9.23048e-10
145.4 9.10983e-10
145.5 8.99075e-10
145.6 8.87322e-10
145.7 8.75723e-10
145.8 8.64276e-10
145.9 8.52979e-10
146 8.41829e-10
146.1 8.30825e-10
146.2 8.19964e-10
146.3 8.09246e-10
146.4 7.98668e-10
146.5 7.88228e-10
146.6 7.77924e-10
146.7 7.67755e-10
146.8 7.5772e-10
146.9 7.47815e-10
147 7.3804e-10
147.1 7.28392e-10
147.2 7.18871e-10
147.3 7.09474e-10
147.4 7.002e-10
147.5 6.91047e-10
147.6 6.82014e-10
147.7 6.73099e-10
147.8 6.643e-10
147.9 6.55617e-10
148 6.47047e-10
148.1 6.38589e-10
148.2 6.30241e-10
148.3 6.22003e-10
148.4 6.13872e-10
148.5 6.05848e-10
148.6 5.97929e-10
148.7 5.90113e-10
148.8 5.82399e-10
148.9 5.74786e-10
149 5.67272e-10
149.1 5.59857e-10
149.2 5.52539e-10
149.3 5.45316e-10
149.4 5.38188e-10
149.5 5.31153e-10
149.6 5.2421e-10
149.7 5.17358e-10
149.8 5.10595e-10
149.9 5.03921e-10
150 4.97333e-10
150.1 4.90832e-10
150.2 4.84416e-10
150.3 4.78084e-10
150.4 4.71835e-10
150.5 4.65667e-10
150.6 4.5958e-10
150.7 4.53573e-10
150.8 4.47644e-10
150.9 4.41792e-10
151 4.36017e-10
151.1 4.30318e-10
151.2 4.24693e-10
151.3 4.19141e-10
151.4 4.13662e-10
151.5 4.08255e-10
151.6 4.02919e-10
151.7 3.97652e-10
151.8 3.92454e-10
151.9 3.87324e-10
152 3.82261e-10
152.1 3.77264e-10
152.2 3.72332e-10
152.3 3.67465e-10
152.4 3.62662e-10
152.5 3.57921e-10
152.6 3.53243e-10
152.7 3.48625e-10
152.8 3.44068e-10
152.9 3.39571e-10
153 3.35132e-10
153.1 3.30751e-10
153.2 3.26428e-10
153.3 3.22161e-10
153.4 3.17949e-10
153.5 3.13793e-10
153.6 3.09691e-10
153.7 3.05643e-10
153.8 3.01648e-10
153.9 2.97705e-10
154 2.93813e-10
154.1 2.89973e-10
154.2 2.86182e-10
154.3 2.82441e-10
154.4 2.78749e-10
154.5 2.75106e-10
154.6 2.7151e-10
154.7 2.67961e-10
154.8 2.64458e-10
154.9 2.61001e-10
155 2.57589e-10
155.1 2.54222e-10
155.2 2.50899e-10
155.3 2.47619e-10
155.4 2.44382e-10
155.5 2.41188e-10
155.6 2.38035e-10
155.7 2.34924e-10
155.8 2.31853e-10
155.9 2.28822e-10
156 2.25831e-10
156.1 2.22879e-10
156.2 2.19966e-10
156.3 2.1709e-10
156.4 2.14253e-10
156.5 2.11452e-10
156.6 2.08688e-10
156.7 2.0596e-10
156.8 2.03268e-10
156.9 2.00611e-10
157 1.97988e-10
157.1 1.954e-10
157.2 1.92846e-10
157.3 1.90325e-10
157.4 1.87837e-10
157.5 1.85382e-10
157.6 1.82959e-10
157.7 1.80567e-10
157.8 1.78207e-10
157.9 1.75877e-10
158 1.73578e-10
158.1 1.71309e-10
158.2 1.6907e-10
158.3 1.6686e-10
158.4 1.64679e-10
158.5 1.62526e-10
158.6 1.60402e-10
158.7 1.58305e-10
158.8 1.56236e-10
158.9 1.54193e-10
159 1.52178e-10
159.1 1.50189e-10
159.2 1.48225e-10
159.3 1.46288e-10
159.4 1.44376e-10
159.5 1.42488e-10
159.6 1.40626e-10
159.7 1.38788e-10
159.8 1.36973e-10
159.9 1.35183e-10
160 1.33416e-10
160.1 1.31672e-10
160.2 1.29951e-10
160.3 1.28252e-10
160.4 1.26576e-10
160.5 1.24921e-10
160.6 1.23288e-10
160.7 1.21677e-10
160.8 1.20086e-10
160.9 1.18516e-10
161 1.16967e-10
161.1 1.15438e-10
161.2 1.13929e-10
161.3 1.1244e-10
161.4 1.1097e-10
161.5 1.0952e-10
161.6 1.08088e-10
161.7 1.06675e-10
161.8 1.05281e-10
161.9 1.03904e-10
162 1.02546e-10
162.1 1.01206e-10
162.2 9.98828e-11
162.3 9.85772e-11
162.4 9.72886e-11
162.5 9.60169e-11
162.6 9.47618e-11
162.7 9.35231e-11
162.8 9.23006e-11
162.9 9.1094e-11
163 8.99033e-11
163.1 8.87281e-11
163.2 8.75683e-11
163.3 8.64236e-11
163.4 8.52939e-11
163.5 8.4179e-11
163.6 8.30786e-11
163.7 8.19926e-11
163.8 8.09208e-11
163.9 7.98631e-11
164 7.88191e-11
164.1 7.77888e-11
164.2 7.6772e-11
164.3 7.57684e-11
164.4 7.4778e-11
164.5 7.38005e-11
164.6 7.28358e-11
164.7 7.18837e-11
164.8 7.09441e-11
164.9 7.00167e-11
165 6.91015e-11
165.1 6.81982e-11
165.2 6.73068e-11
165.3 6.64269e-11
165.4 6.55586e-11
165.5 6.47017e-11
165.6 6.38559e-11
165.7 6.30212e-11
165.8 6.21974e-11
165.9 6.13844e-11
166 6.0582e-11
166.1 5.97901e-11
166.2 5.90085e-11
166.3 5.82372e-11
166.4 5.74759e-11
166.5 5.67246e-11
166.6 5.59831e-11
166.7 5.52513e-11
166.8 5.45291e-11
166.9 5.38163e-11
167 5.31128e-11
167.1 5.24186e-11
167.2 5.17334e-11
167.3 5.10571e-11
167.4 5.03897e-11
167.5 4.9731e-11
167.6 4.9081e-11
167.7 4.84394e-11
167.8 4.78062e-11
167.9 4.71813e-11
168 4.65646e-11
168.1 4.59559e-11
168.2 4.53552e-11
168.3 4.47623e-11
168.4 4.41772e-11
168.5 4.35997e-11
168.6 4.30298e-11
168.7 4.24673e-11
168.8 4.19122e-11
168.9 4.13643e-11
169 4.08236e-11
169.1 4.029e-11
169.2 3.97633e-11
169.3 3.92435e-11
169.4 3.87306e-11
169.5 3.82243e-11
169.6 3.77246e-11
169.7 3.72315e-11
169.8 3.67448e-11
169.9 3.62645e-11
170 3.57905e-11
170.1 3.53226e-11
170.2 3.48609e-11
170.3 3.44052e-11
170.4 3.39555e-11
170.5 3.35116e-11
170.6 3.30736e-11
170.7 3.26412e-11
170.8 3.22146e-11
170.9 3.17935e-11
171 3.13779e-11
171.1 3.09677e-11
171.2 3.05629e-11
171.3 3.01634e-11
171.4 2.97691e-11
171.5 2.938e-11
171.6 2.89959e-11
171.7 2.86169e-11
171.8 2.82428e-11
171.9 2.78736e-11
172 2.75093e-11
172.1 2.71497e-11
172.2 2.67948e-11
172.3 2.64446e-11
172.4 2.60989e-11
172.5 2.57577e-11
172.6 2.5421e-11
172.7 2.50887e-11
172.8 2.47608e-11
172.9 2.44371e-11
173 2.41177e-11
173.1 2.38024e-11
173.2 2.34913e-11
173.3 2.31842e-11
173.4 2.28811e-11
173.5 2.25821e-11
173.6 2.22869e-11
173.7 2.19955e-11
173.8 2.1708e-11
173.9 2.14243e-11
174 2.11442e-11
174.1 2.08678e-11
174.2 2.0595e-11
174.3 2.03258e-11
174.4 2.00601e-11
174.5 1.97979e-11
174.6 1.95391e-11
174.7 1.92837e-11
174.8 1.90316e-11
174.9 1.87829e-11
175 1.85373e-11
175.1 1.8295e-11
175.2 1.80559e-11
175.3 1.78199e-11
175.4 1.75869e-11
175.5 1.7357e-11
175.6 1.71301e-11
175.7 1.69062e-11
175.8 1.66852e-11
175.9 1.64671e-11
176 1.62519e-11
176.1 1.60394e-11
176.2 1.58298e-11
176.3 1.56228e-11
176.4 1.54186e-11
176.5 1.52171e-11
176.6 1.50182e-11
176.7 1.48219e-11
176.8 1.46281e-11
176.9 1.44369e-11
177 1.42482e-11
177.1 1.40619e-11
177.2 1.38781e-11
177.3 1.36967e-11
177.4 1.35177e-11
177.5 1.3341e-11
177.6 1.31666e-11
177.7 1.29945e-11
177.8 1.28246e-11
177.9 1.2657e-11
178 1.24915e-11
178.1 1.23282e-11
178.2 1.21671e-11
178.3 1.2008e-11
178.4 1.18511e-11
178.5 1.16962e-11
178.6 1.15433e-11
178.7 1.13924e-11
178.8 1.12435e-11
178.9 1.10965e-11
179 1.09514e-11
179.1 1.08083e-11
179.2 1.0667e-11
179.3 1.05276e-11
179.4 1.039e-11
179.5 1.02541e-11
179.6 1.01201e-11
179.7 9.98782e-12
179.8 9.85726e-12
179.9 9.72841e-12
180 9.60124e-12
180.1 9.47574e-12
180.2 9.35187e-12
180.3 9.22963e-12
180.4 9.10898e-12
180.5 8.98991e-12
180.6 8.8724e-12
180.7 8.75642e-12
180.8 8.64196e-12
180.9 8.52899e-12
181 8.4175e-12
181.1 8.30747e-12
181.2 8.19888e-12
181.3 8.09171e-12
181.4 7.98593e-12
181.5 7.88154e-12
181.6 7.77852e-12
181.7 7.67684e-12
181.8 7.57649e-12
181.9 7.47745e-12
182 7.37971e-12
182.1 7.28324e-12
182.2 7.18804e-12
182.3 7.09408e-12
182.4 7.00135e-12
182.5 6.90983e-12
182.6 6.81951e-12
182.7 6.73036e-12
182.8 6.64239e-12
182.9 6.55556e-12
183 6.46987e-12
183.1 6.38529e-12
183.2 6.30183e-12
183.3 6.21945e-12
183.4 6.13815e-12
183.5 6.05792e-12
183.6 5.97873e-12
183.7 5.90058e-12
183.8 5.82345e-12
183.9 5.74732e-12
184 5.6722e-12
184.1 5.59805e-12
184.2 5.52488e-12
184.3 5.45266e-12
184.4 5.38138e-12
184.5 5.31104e-12
184.6 5.24161e-12
184.7 5.1731e-12
184.8 5.10547e-12
184.9 5.03874e-12
185 4.97287e-12
185.1 4.90787e-12
185.2 4.84371e-12
185.3 4.7804e-12
185.4 4.71791e-12
185.5 4.65624e-12
185.6 4.59537e-12
185.7 4.5353e-12
185.8 4.47602e-12
185.9 4.41751e-12
186 4.35977e-12
186.1 4.30278e-12
186.2 4.24653e-12
186.3 4.19102e-12
186.4 4.13624e-12
186.5 4.08217e-12
186.6 4.02881e-12
186.7 3.97615e-12
186.8 3.92417e-12
186.9 3.87288e-12
187 3.82225e-12
187.1 3.77229e-12
187.2 3.72298e-12
187.3 3.67431e-12
187.4 3.62628e-12
187.5 3.57888e-12
187.6 3.5321e-12
187.7 3.48593e-12
187.8 3.44036e-12
187.9 3.39539e-12
188 3.35101e-12
188.1 3.3072e-12
188.2 3.26397e-12
188.3 3.22131e-12
188.4 3.1792e-12
188.5 3.13764e-12
188.6 3.09663e-12
188.7 3.05615e-12
188.8 3.0162e-12
188.9 2.97677e-12
189 2.93786e-12
189.1 2.89946e-12
189.2 2.86156e-12
189.3 2.82415e-12
189.4 2.78724e-12
189.5 2.7508e-12
189.6 2.71484e-12
189.7 2.67936e-12
189.8 2.64433e-12
189.9 2.60977e-12
190 2.57565e-12
190.1 2.54198e-12
190.2 2.50876e-12
190.3 2.47596e-12
190.4 2.4436e-12
190.5 2.41166e-12
190.6 2.38013e-12
190.7 2.34902e-12
190.8 2.31831e-12
190.9 2.28801e-12
191 2.2581e-12
191.1 2.22858e-12
191.2 2.19945e-12
191.3 2.1707e-12
191.4 2.14233e-12
191.5 2.11432e-12
191.6 2.08668e-12
191.7 2.05941e-12
191.8 2.03249e-12
191.9 2.00592e-12
192 1.9797e-12
192.1 1.95382e-12
192.2 1.92828e-12
192.3 1.90308e-12
192.4 1.8782e-12
192.5 1.85365e-12
192.6 1.82942e-12
192.7 1.8055e-12
192.8 1.7819e-12
192.9 1.75861e-12
193 1.73562e-12
193.1 1.71293e-12
193.2 1.69054e-12
193.3 1.66845e-12
193.4 1.64664e-12
193.5 1.62511e-12
193.6 1.60387e-12
193.7 1.5829e-12
193.8 1.56221e-12
193.9 1.54179e-12
194 1.52164e-12
194.1 1.50175e-12
194.2 1.48212e-12
194.3 1.46274e-12
194.4 1.44362e-12
194.5 1.42475e-12
194.6 1.40613e-12
194.7 1.38775e-12
194.8 1.36961e-12
194.9 1.3517e-12
195 1.33403e-12
195.1 1.3166e-12
195.2 1.29939e-12
195.3 1.2824e-12
195.4 1.26564e-12
195.5 1.24909e-12
195.6 1.23277e-12
195.7 1.21665e-12
195.8 1.20075e-12
195.9 1.18505e-12
196 1.16956e-12
196.1 1.15427e-12
196.2 1.13919e-12
196.3 1.12429e-12
196.4 1.1096e-12
196.5 1.09509e-12
196.6 1.08078e-12
196.7 1.06665e-12
196.8 1.05271e-12
196.9 1.03895e-12
197 1.02537e-12
197.1 1.01196e-12
197.2 9.98735e-13
197.3 9.8568e-13
197.4 9.72796e-13
197.5 9.60079e-13
197.6 9.4753e-13
197.7 9.35144e-13
197.8 9.2292e-13
197.9 9.10856e-13
198 8.98949e-13
198.1 8.87198e-13
198.2 8.75601e-13
198.3 8.64156e-13
198.4 8.5286e-13
198.5 8.41711e-13
198.6 8.30709e-13
198.7 8.1985e-13
198.8 8.09133e-13
198.9 7.98556e-13
199 7.88118e-13
199.1 7.77816e-13
199.2 7.67648e-13
199.3 7.57614e-13
199.4 7.47711e-13
199.5 7.37937e-13
199.6 7.28291e-13
199.7 7.18771e-13
199.8 7.09375e-13
199.9 7.00102e-13
200 6.90951e-13
200.1 6.81919e-13
200.2 6.73005e-13
200.3 6.64208e-13
200.4 6.55525e-13
200.5 6.46957e-13
200.6 6.385e-13
200.7 6.30153e-13
200.8 6.21916e-13
200.9 6.13787e-13
201 6.05764e-13
201.1 5.97845e-13
201.2 5.9003e-13
201.3 5.82318e-13
201.4 5.74706e-13
201.5 5.67193e-13
201.6 5.59779e-13
201.7 5.52462e-13
201.8 5.4524e-13
201.9 5.38113e-13
202 5.31079e-13
202.1 5.24137e-13
202.2 5.17285e-13
202.3 5.10524e-13
202.4 5.0385e-13
202.5 4.97264e-13
202.6 4.90764e-13
202.7 4.84349e-13
202.8 4.78018e-13
202.9 4.71769e-13
203 4.65602e-13
203.1 4.59516e-13
203.2 4.53509e-13
203.3 4.47581e-13
203.4 4.41731e-13
203.5 4.35956e-13
203.6 4.30258e-13
203.7 4.24634e-13
203.8 4.19083e-13
203.9 4.13605e-13
204 4.08198e-13
204.1 4.02862e-13
204.2 3.97596e-13
204.3 3.92399e-13
204.4 3.8727e-13
204.5 3.82207e-13
204.6 3.77211e-13
204.7 3.7228e-13
204.8 3.67414e-13
204.9 3.62611e-13
205 3.57871e-13
205.1 3.53193e-13
205.2 3.48577e-13
205.3 3.4402e-13
205.4 3.39523e-13
205.5 3.35085e-13
205.6 3.30705e-13
205.7 3.26382e-13
205.8 3.22116e-13
205.9 3.17905e-13
206 3.1375e-13
206.1 3.09648e-13
206.2 3.05601e-13
206.3 3.01606e-13
206.4 2.97663e-13
206.5 2.93772e-13
206.6 2.89932e-13
206.7 2.86142e-13
206.8 2.82402e-13
206.9 2.78711e-13
207 2.75067e-13
207.1 2.71472e-13
207.2 2.67923e-13
207.3 2.64421e-13
207.4 2.60965e-13
207.5 2.57553e-13
207.6 2.54187e-13
207.7 2.50864e-13
207.8 2.47585e-13
207.9 2.44348e-13
208 2.41154e-13
208.1 2.38002e-13
208.2 2.34891e-13
208.3 2.3182e-13
208.4 2.2879e-13
208.5 2.258e-13
208.6 2.22848e-13
208.7 2.19935e-13
208.8 2.1706e-13
208.9 2.14223e-13
209 2.11422e-13
209.1 2.08659e-13
209.2 2.05931e-13
209.3 2.03239e-13
209.4 2.00583e-13
209.5 1.97961e-13
209.6 1.95373e-13
209.7 1.92819e-13
209.8 1.90299e-13
209.9 1.87811e-13
210 1.85356e-13
210.1 1.82933e-13
210.2 1.80542e-13
210.3 1.78182e-13
210.4 1.75853e-13
210.5 1.73554e-13
210.6 1.71286e-13
210.7 1.69047e-13
210.8 1.66837e-13
210.9 1.64656e-13
211 1.62504e-13
211.1 1.60379e-13
211.2 1.58283e-13
211.3 1.56214e-13
211.4 1.54172e-13
211.5 1.52157e-13
211.6 1.50168e-13
211.7 1.48205e-13
211.8 1.46267e-13
211.9 1.44356e-13
212 1.42469e-13
212.1 1.40606e-13
212.2 1.38768e-13
212.3 1.36954e-13
212.4 1.35164e-13
212.5 1.33397e-13
212.6 1.31654e-13
212.7 1.29933e-13
212.8 1.28234e-13
212.9 1.26558e-13
213 1.24904e-13
213.1 1.23271e-13
213.2 1.2166e-13
213.3 1.20069e-13
213.4 1.185e-13
213.5 1.16951e-13
213.6 1.15422e-13
213.7 1.13913e-13
213.8 1.12424e-13
213.9 1.10955e-13
214 1.09504e-13
214.1 1.08073e-13
214.2 1.0666e-13
214.3 1.05266e-13
214.4 1.0389e-13
214.5 1.02532e-13
214.6 1.01192e-13
214.7 9.98689e-14
214.8 9.85634e-14
214.9 9.7275e-14
215 9.60035e-14
215.1 9.47485e-14
215.2 9.351e-14
215.3 9.22877e-14
215.4 9.10813e-14
215.5 8.98907e-14
215.6 8.87157e-14
215.7 8.7556e-14
215.8 8.64115e-14
215.9 8.5282e-14
216 8.41672e-14
216.1 8.3067e-14
216.2 8.19812e-14
216.3 8.09095e-14
216.4 7.98519e-14
216.5 7.88081e-14
216.6 7.7778e-14
216.7 7.67613e-14
216.8 7.57579e-14
216.9 7.47676e-14
217 7.37902e-14
217.1 7.28257e-14
217.2 7.18737e-14
217.3 7.09342e-14
217.4 7.0007e-14
217.5 6.90919e-14
217.6 6.81887e-14
217.7 6.72974e-14
217.8 6.64177e-14
217.9 6.55495e-14
218 6.46926e-14
218.1 6.3847e-14
218.2 6.30124e-14
218.3 6.21887e-14
218.4 6.13758e-14
218.5 6.05735e-14
218.6 5.97817e-14
218.7 5.90003e-14
218.8 5.82291e-14
218.9 5.74679e-14
219 5.67167e-14
219.1 5.59753e-14
219.2 5.52436e-14
219.3 5.45215e-14
219.4 5.38088e-14
219.5 5.31054e-14
219.6 5.24112e-14
219.7 5.17261e-14
219.8 5.105e-14
219.9 5.03827e-14
220 4.97241e-14
220.1 4.90741e-14
220.2 4.84326e-14
220.3 4.77995e-14
220.4 4.71747e-14
220.5 4.65581e-14
220.6 4.59495e-14
220.7 4.53488e-14
220.8 4.4756e-14
220.9 4.4171e-14
221 4.35936e-14
221.1 4.30238e-14
221.2 4.24614e-14
221.3 4.19063e-14
221.4 4.13585e-14
221.5 4.08179e-14
221.6 4.02844e-14
221.7 3.97578e-14
221.8 3.92381e-14
221.9 3.87252e-14
222 3.8219e-14
222.1 3.77194e-14
222.2 3.72263e-14
222.3 3.67397e-14
222.4 3.62595e-14
222.5 3.57855e-14
222.6 3.53177e-14
222.7 3.4856e-14
222.8 3.44004e-14
222.9 3.39507e-14
223 3.35069e-14
223.1 3.3069e-14
223.2 3.26367e-14
223.3 3.22101e-14
223.4 3.1789e-14
223.5 3.13735e-14
223.6 3.09634e-14
223.7 3.05586e-14
223.8 3.01592e-14
223.9 2.9765e-14
224 2.93759e-14
224.1 2.89919e-14
224.2 2.86129e-14
224.3 2.82389e-14
224.4 2.78698e-14
224.5 2.75055e-14
224.6 2.71459e-14
224.7 2.67911e-14
224.8 2.64409e-14
224.9 2.60952e-14
225 2.57541e-14
225.1 2.54175e-14
225.2 2.50852e-14
225.3 2.47573e-14
225.4 2.44337e-14
225.5 2.41143e-14
225.6 2.37991e-14
225.7 2.3488e-14
225.8 2.3181e-14
225.9 2.2878e-14
226 2.25789e-14
226.1 2.22838e-14
226.2 2.19925e-14
226.3 2.1705e-14
226.4 2.14213e-14
226.5 2.11413e-14
226.6 2.08649e-14
226.7 2.05922e-14
226.8 2.0323e-14
226.9 2.00573e-14
227 1.97952e-14
227.1 1.95364e-14
227.2 1.9281e-14
227.3 1.9029e-14
227.4 1.87802e-14
227.5 1.85348e-14
227.6 1.82925e-14
227.7 1.80534e-14
227.8 1.78174e-14
227.9 1.75845e-14
228 1.73546e-14
228.1 1.71278e-14
228.2 1.69039e-14
228.3 1.66829e-14
228.4 1.64648e-14
228.5 1.62496e-14
228.6 1.60372e-14
228.7 1.58276e-14
228.8 1.56207e-14
228.9 1.54165e-14
229 1.5215e-14
229.1 1.50161e-14
229.2 1.48198e-14
229.3 1.46261e-14
229.4 1.44349e-14
229.5 1.42462e-14
229.6 1.406e-14
229.7 1.38762e-14
229.8 1.36948e-14
229.9 1.35158e-14
230 1.33391e-14
230.1 1.31647e-14
230.2 1.29927e-14
230.3 1.28228e-14
230.4 1.26552e-14
230.5 1.24898e-14
230.6 1.23265e-14
230.7 1.21654e-14
230.8 1.20064e-14
230.9 1.18494e-14
231 1.16945e-14
231.1 1.15417e-14
231.2 1.13908e-14
231.3 1.12419e-14
231.4 1.10949e-14
231.5 1.09499e-14
231.6 1.08068e-14
231.7 1.06655e-14
231.8 1.05261e-14
231.9 1.03885e-14
232 1.02527e-14
232.1 1.01187e-14
232.2 9.98642e-15
232.3 9.85588e-15
232.4 9.72705e-15
232.5 9.5999e-15
232.6 9.47441e-15
232.7 9.35057e-15
232.8 9.22834e-15
232.9 9.10771e-15
233 8.98866e-15
233.1 8.87116e-15
233.2 8.7552e-15
233.3 8.64075e-15
233.4 8.5278e-15
233.5 8.41633e-15
233.6 8.30631e-15
233.7 8.19774e-15
233.8 8.09058e-15
233.9 7.98482e-15
234 7.88045e-15
234.1 7.77743e-15
234.2 7.67577e-15
234.3 7.57543e-15
234.4 7.47641e-15
234.5 7.37868e-15
234.6 7.28223e-15
234.7 7.18704e-15
234.8 7.09309e-15
234.9 7.00037e-15
235 6.90887e-15
235.1 6.81855e-15
235.2 6.72942e-15
235.3 6.64146e-15
235.4 6.55464e-15
235.5 6.46896e-15
235.6 6.3844e-15
235.7 6.30095e-15
235.8 6.21858e-15
235.9 6.1373e-15
236 6.05707e-15
236.1 5.9779e-15
236.2 5.89975e-15
236.3 5.82263e-15
236.4 5.74652e-15
236.5 5.67141e-15
236.6 5.59727e-15
236.7 5.52411e-15
236.8 5.4519e-15
236.9 5.38063e-15
237 5.3103e-15
237.1 5.24088e-15
237.2 5.17237e-15
237.3 5.10476e-15
237.4 5.03803e-15
237.5 4.97218e-15
237.6 4.90718e-15
237.7 4.84304e-15
237.8 4.77973e-15
237.9 4.71725e-15
238 4.65559e-15
238.1 4.59473e-15
238.2 4.53467e-15
238.3 4.4754e-15
238.4 4.4169e-15
238.5 4.35916e-15
238.6 4.30218e-15
238.7 4.24594e-15
238.8 4.19044e-15
238.9 4.13566e-15
239 4.0816e-15
239.1 4.02825e-15
239.2 3.97559e-15
239.3 3.92363e-15
239.4 3.87234e-15
239.5 3.82172e-15
239.6 3.77176e-15
239.7 3.72246e-15
239.8 3.6738e-15
239.9 3.62578e-15
240 3.57838e-15
240.1 3.53161e-15
240.2 3.48544e-15
240.3 3.43988e-15
240.4 3.39492e-15
240.5 3.35054e-15
240.6 3.30674e-15
240.7 3.26352e-15
240.8 3.22086e-15
240.9 3.17876e-15
241 3.1372e-15
241.1 3.09619e-15
241.2 3.05572e-15
241.3 3.01578e-15
241.4 2.97636e-15
241.5 2.93745e-15
241.6 2.89905e-15
241.7 2.86116e-15
241.8 2.82376e-15
241.9 2.78685e-15
242 2.75042e-15
242.1 2.71447e-15
242.2 2.67898e-15
242.3 2.64396e-15
242.4 2.6094e-15
242.5 2.57529e-15
242.6 2.54163e-15
242.7 2.50841e-15
242.8 2.47562e-15
242.9 2.44326e-15
243 2.41132e-15
243.1 2.3798e-15
243.2 2.34869e-15
243.3 2.31799e-15
243.4 2.28769e-15
243.5 2.25779e-15
243.6 2.22827e-15
243.7 2.19914e-15
243.8 2.1704e-15
243.9 2.14203e-15
244 2.11403e-15
244.1 2.08639e-15
244.2 2.05912e-15
244.3 2.0322e-15
244.4 2.00564e-15
244.5 1.97942e-15
244.6 1.95355e-15
244.7 1.92801e-15
244.8 1.90281e-15
244.9 1.87794e-15
245 1.85339e-15
245.1 1.82916e-15
245.2 1.80525e-15
245.3 1.78165e-15
245.4 1.75837e-15
245.5 1.73538e-15
245.6 1.7127e-15
245.7 1.69031e-15
245.8 1.66821e-15
245.9 1.64641e-15
246 1.62489e-15
246.1 1.60364e-15
246.2 1.58268e-15
246.3 1.56199e-15
246.4 1.54158e-15
246.5 1.52143e-15
246.6 1.50154e-15
246.7 1.48191e-15
246.8 1.46254e-15
246.9 1.44342e-15
247 1.42455e-15
247.1 1.40593e-15
247.2 1.38755e-15
247.3 1.36942e-15
247.4 1.35152e-15
247.5 1.33385e-15
247.6 1.31641e-15
247.7 1.29921e-15
247.8 1.28222e-15
247.9 1.26546e-15
248 1.24892e-15
248.1 1.23259e-15
248.2 1.21648e-15
248.3 1.20058e-15
248.4 1.18489e-15
248.5 1.1694e-15
248.6 1.15411e-15
248.7 1.13903e-15
248.8 1.12414e-15
248.9 1.10944e-15
249 1.09494e-15
249.1 1.08063e-15
249.2 1.0665e-15
249.3 1.05256e-15
249.4 1.0388e-15
249.5 1.02522e-15
249.6 1.01182e-15
249.7 9.98596e-16
249.8 9.85543e-16
249.9 9.7266e-16
