-0.05 2
0.05 0
0.15 0
0.25 0
0.35 0
0.45 0
0.55 0
0.65 0
0.75 0
0.85 0
0.95 0
1.05 0
1.15 0
1.25 0
1.35 0
1.45 0
1.55 0
1.65 0
1.75 0
1.85 0
1.95 0
2.05 0
2.15 0
2.25 0
2.35 0
2.45 0
2.55 0
2.65 0
2.75 0
2.85 0
2.95 0
3.05 0
3.15 0
3.25 0
3.35 0
3.45 0
3.55 0
3.65 0
3.75 0
3.85 0
3.95 0
4.05 0
4.15 0
4.25 0
4.35 0
4.45 0
4.55 0
4.65 0
4.75 0
4.85 0
4.95 0
5.05 0
5.15 0
5.25 0
5.35 0
5.45 0
5.55 0
5.65 0
5.75 0
5.85 0
5.95 0
6.05 0
6.15 0
6.25 0
6.35 0
6.45 0
6.55 0
6.65 0
6.75 0
6.85 0
6.95 0
7.05 0
7.15 0
7.25 0
7.35 0
7.45 0
7.55 0
7.65 0
7.75 0
7.85 0
7.95 0
8.05 0
8.15 0
8.25 0
8.35 0
8.45 0
8.55 0
8.65 0
8.75 0
8.85 0
8.95 0
9.05 0
9.15 0
9.25 0
9.35 0
9.45 0
9.55 0
9.65 0
9.75 0
9.85 0
9.95 0
10.05 0
10.15 0
10.25 0
10.35 0
10.45 0
10.55 0
10.65 0
10.75 0
10.85 0
10.95 0
11.05 0
11.15 0
11.25 0
11.35 0
11.45 0
11.55 0
11.65 0
11.75 0
11.85 0
11.95 0
12.05 0
12.15 0
12.25 0
12.35 0
12.45 0
12.55 0
12.65 0
12.75 0
12.85 0
12.95 0
13.05 0
13.15 0
13.25 0
13.35 0
13.45 0
13.55 0
13.65 0
13.75 0
13.85 0
13.95 0
14.05 0
14.15 0
14.25 0
14.35 0
14.45 0
14.55 0
14.65 0
14.75 0
14.85 0
14.95 0
15.05 0
15.15 0
15.25 0
15.35 0
15.45 0
15.55 0
15.65 0
15.75 0
15.85 0
15.95 0
16.05 0
16.15 0
16.25 0
16.35 0
16.45 0
16.55 0
16.65 0
16.75 0
16.85 0
16.95 0
17.05 0
17.15 0
17.25 0
17.35 0
17.45 0
17.55 0
17.65 0
17.75 0
17.85 0
17.95 0
18.05 0
18.15 0
18.25 0
18.35 0
18.45 0
18.55 0
18.65 0
18.75 0
18.85 0
18.95 0
19.05 0
19.15 0
19.25 0
19.35 0
19.45 0
19.55 0
19.65 0
19.75 0
19.85 0
19.95 0
20.05 0
20.15 0
20.25 0
20.35 0
20.45 0
20.55 0
20.65 0
20.75 0
20.85 0
20.95 0
21.05 0
21.15 0
21.25 0
21.35 0
21.45 0
21.55 0
21.65 0
21.75 0
21.85 0
21.95 0
22.05 0
22.15 0
22.25 0
22.35 0
22.45 0
22.55 0
22.65 0
22.75 0
22.85 0
22.95 0
23.05 0
23.15 0
23.25 0
23.35 0
23.45 0
23.55 0
23.65 0
23.75 0
23.85 0
23.95 0
24.05 0
24.15 0
24.25 0
24.35 0
24.45 0
24.55 0
24.65 0
24.75 0
24.85 0
24.95 0
25.05 0
25.15 0
25.25 0
25.35 0
25.45 0
25.55 0
25.65 0
25.75 0
25.85 0
25.95 0
26.05 0
26.15 0
26.25 0
26.35 0
26.45 0
26.55 0
26.65 0
26.75 0
26.85 0
26.95 0
27.05 0
27.15 0
27.25 0
27.35 0
27.45 0
27.55 0
27.65 0
27.75 0
27.85 0
27.95 0
28.05 0
28.15 0
28.25 0
28.35 0
28.45 0
28.55 0
28.65 0
28.75 0
28.85 0
28.95 0
29.05 0
29.15 0
29.25 0
29.35 0
29.45 0
29.55 0
29.65 0
29.75 0
29.85 0
29.95 0
30.05 0
30.15 0
30.25 0
30.35 0
30.45 0
30.55 0
30.65 0
30.75 0
30.85 0
30.95 0
31.05 0
31.15 0
31.25 0
31.35 0
31.45 0
31.55 0
31.65 0
31.75 0
31.85 0
31.95 0
32.05 0
32.15 0
32.25 0
32.35 0
32.45 0
32.55 0
32.65 0
32.75 0
32.85 0
32.95 0
33.05 0
33.15 0
33.25 0
33.35 0
33.45 0
33.55 0
33.65 0
33.75 0
33.85 0
33.95 0
34.05 0
34.15 0
34.25 0
34.35 0
34.45 0
34.55 0
34.65 0
34.75 0
34.85 0
34.95 0
35.05 0
35.15 0
35.25 0
35.35 0
35.45 0
35.55 0
35.65 0
35.75 0
35.85 0
35.95 0
36.05 0
36.15 0
36.25 0
36.35 0
36.45 0
36.55 0
36.65 0
36.75 0
36.85 0
36.95 0
37.05 0
37.15 0
37.25 0
37.35 0
37.45 0
37.55 0
37.65 0
37.75 0
37.85 0
37.95 0
38.05 0
38.15 0
38.25 0
38.35 0
38.45 0
38.55 0
38.65 0
38.75 0
38.85 0
38.95 0
39.05 0
39.15 0
39.25 0
39.35 0
39.45 0
39.55 0
39.65 0
39.75 0
39.85 0
39.95 0
40.05 0
40.15 0
40.25 0
40.35 0
40.45 0
40.55 0
40.65 0
40.75 0
40.85 0
40.95 0
41.05 0
41.15 0
41.25 0
41.35 0
41.45 0
41.55 0
41.65 0
41.75 0
41.85 0
41.95 0
42.05 0
42.15 0
42.25 0
42.35 0
42.45 0
42.55 0
42.65 0
42.75 0
42.85 0
42.95 0
43.05 0
43.15 0
43.25 0
43.35 0
43.45 0
43.55 0
43.65 0
43.75 0
43.85 0
43.95 0
44.05 0
44.15 0
44.25 0
44.35 0
44.45 0
44.55 0
44.65 0
44.75 0
44.85 0
44.95 0
45.05 0
45.15 0
45.25 0
45.35 0
45.45 0
45.55 0
45.65 0
45.75 0
45.85 0
45.95 0
46.05 0
46.15 0
46.25 0
46.35 0
46.45 0
46.55 0
46.65 0
46.75 0
46.85 0
46.95 0
47.05 0
47.15 0
47.25 0
47.35 0
47.45 0
47.55 0
47.65 0
47.75 0
47.85 0
47.95 0
48.05 0
48.15 0
48.25 0
48.35 0
48.45 0
48.55 0
48.65 0
48.75 0
48.85 0
48.95 0
49.05 0
49.15 0
49.25 0
49.35 0
49.45 0
49.55 0
49.65 0
49.75 0
49.85 0
49.95 0
50.05 0
50.15 0
50.25 0
50.35 0
50.45 0
50.55 0
50.65 0
50.75 0
50.85 0
50.95 0
51.05 0
51.15 0
51.25 0
51.35 0
51.45 1.66667e-05
51.55 0
51.65 2.66667e-05
51.75 3.33333e-05
51.85 5e-05
51.95 7e-05
52.05 6.33333e-05
52.15 7e-05
52.25 5.66667e-05
52.35 8e-05
52.45 7.33333e-05
52.55 0.00011
52.65 0.0001
52.75 9e-05
52.85 0.00011
52.95 0.000143333
53.05 0.000163333
53.15 0.000156667
53.25 0.000183333
53.35 0.000223333
53.45 0.000203333
53.55 0.000216667
53.65 0.0002
53.75 0.00026
53.85 0.000243333
53.95 0.000266667
54.05 0.000283333
54.15 0.000296667
54.25 0.000293333
54.35 0.00036
54.45 0.000253333
54.55 0.000303333
54.65 0.00029
54.75 0.000313333
54.85 0.000346667
54.95 0.00036
55.05 0.000423333
55.15 0.000406667
55.25 0.000356667
55.35 0.000493333
55.45 0.00042
55.55 0.000473333
55.65 0.00046
55.75 0.00049
55.85 0.000453333
55.95 0.00051
56.05 0.00055
56.15 0.00049
56.25 0.000606667
56.35 0.00051
56.45 0.000523333
56.55 0.000566667
56.65 0.000586667
56.75 0.000593333
56.85 0.00064
56.95 0.00067
57.05 0.00061
57.15 0.000596667
57.25 0.000716667
57.35 0.00059
57.45 0.00063
57.55 0.000683333
57.65 0.000703333
57.75 0.00074
57.85 0.0007
57.95 0.00074
58.05 0.000753333
58.15 0.000746667
58.25 0.00071
58.35 0.000803333
58.45 0.000796667
58.55 0.000813333
58.65 0.000823333
58.75 0.00074
58.85 0.0009
58.95 0.000876667
59.05 0.000816667
59.15 0.000906667
59.25 0.000966667
59.35 0.000833333
59.45 0.00081
59.55 0.000846667
59.65 0.000943333
59.75 0.000843333
59.85 0.00093
59.95 0.00092
60.05 0.0009
60.15 0.000886667
60.25 0.000996667
60.35 0.000993333
60.45 0.00089
60.55 0.00089
60.65 0.000883333
60.75 0.000946667
60.85 0.00096
60.95 0.00098
61.05 0.000983333
61.15 0.000986667
61.25 0.000886667
61.35 0.00101
61.45 0.00102333
61.55 0.00111333
61.65 0.00109
61.75 0.000996667
61.85 0.00108333
61.95 0.00105
62.05 0.00108
62.15 0.00111
62.25 0.00103
62.35 0.00119
62.45 0.00103667
62.55 0.00118333
62.65 0.00118667
62.75 0.00106
62.85 0.00120667
62.95 0.00117333
63.05 0.00107
63.15 0.00121667
63.25 0.00113
63.35 0.00120667
63.45 0.00108333
63.55 0.00131333
63.65 0.00116667
63.75 0.00125667
63.85 0.00130333
63.95 0.00121
64.05 0.00129333
64.15 0.00121
64.25 0.00133667
64.35 0.00128667
64.45 0.00113667
64.55 0.00111333
64.65 0.00123333
64.75 0.00123333
64.85 0.00120667
64.95 0.00118333
65.05 0.00131667
65.15 0.00121333
65.25 0.00121667
65.35 0.00125
65.45 0.00131333
65.55 0.0013
65.65 0.00137
65.75 0.00130667
65.85 0.00137333
65.95 0.00130667
66.05 0.00136333
66.15 0.00141333
66.25 0.00125
66.35 0.00136333
66.45 0.00136
66.55 0.00144
66.65 0.00143333
66.75 0.00135
66.85 0.00142667
66.95 0.00138333
67.05 0.00147
67.15 0.00135333
67.25 0.00150333
67.35 0.00147667
67.45 0.00139667
67.55 0.00142667
67.65 0.00147
67.75 0.00146333
67.85 0.00156667
67.95 0.00145
68.05 0.00146667
68.15 0.00139333
68.25 0.00145667
68.35 0.00150667
68.45 0.00157667
68.55 0.00139667
68.65 0.0015
68.75 0.00146667
68.85 0.00153667
68.95 0.00151333
69.05 0.00144333
69.15 0.00162
69.25 0.00151
69.35 0.00152667
69.45 0.00147667
69.55 0.00146333
69.65 0.00148
69.75 0.00159667
69.85 0.00151333
69.95 0.00142333
70.05 0.00158
70.15 0.00165667
70.25 0.00147333
70.35 0.00144667
70.45 0.00146333
70.55 0.00144667
70.65 0.00157
70.75 0.00154
70.85 0.00137
70.95 0.00140333
71.05 0.00147333
71.15 0.00164
71.25 0.00155
71.35 0.00149333
71.45 0.00142333
71.55 0.00160667
71.65 0.00163333
71.75 0.00159333
71.85 0.00157333
71.95 0.00158333
72.05 0.00150333
72.15 0.00156
72.25 0.00150667
72.35 0.00160667
72.45 0.00158333
72.55 0.00163667
72.65 0.00161
72.75 0.0016
72.85 0.00152
72.95 0.00155667
73.05 0.00154
73.15 0.00164667
73.25 0.00151333
73.35 0.00155
73.45 0.00166667
73.55 0.00153
73.65 0.00152
73.75 0.00149667
73.85 0.00169667
73.95 0.00156667
74.05 0.00166667
74.15 0.00166667
74.25 0.00155
74.35 0.00145333
74.45 0.00163
74.55 0.00157667
74.65 0.00159667
74.75 0.00162333
74.85 0.00165667
74.95 0.00165
75.05 0.00162333
75.15 0.00156333
75.25 0.00152667
75.35 0.00154
75.45 0.00155667
75.55 0.00156333
75.65 0.00162
75.75 0.00158
75.85 0.00154
75.95 0.00163
76.05 0.00166
76.15 0.00175667
76.25 0.00177667
76.35 0.00164667
76.45 0.00153333
76.55 0.00180333
76.65 0.00159333
76.75 0.00158333
76.85 0.00171333
76.95 0.00158667
77.05 0.00156
77.15 0.00147667
77.25 0.00154333
77.35 0.00160333
77.45 0.00171
77.55 0.0017
77.65 0.00165
77.75 0.00172667
77.85 0.00169333
77.95 0.00165
78.05 0.00157
78.15 0.00157667
78.25 0.00176667
78.35 0.00164
78.45 0.00163
78.55 0.00169333
78.65 0.00171667
78.75 0.00156667
78.85 0.00163667
78.95 0.00168667
79.05 0.00159
79.15 0.00172333
79.25 0.00165
79.35 0.00157
79.45 0.00155333
79.55 0.00164333
79.65 0.00171
79.75 0.00158667
79.85 0.00153333
79.95 0.00163667
80.05 0.00169
80.15 0.00158
80.25 0.00160667
80.35 0.00159
80.45 0.00156667
80.55 0.00162333
80.65 0.00148333
80.75 0.00164333
80.85 0.00167667
80.95 0.00161
81.05 0.00164333
81.15 0.00160667
81.25 0.00163667
81.35 0.00158333
81.45 0.00163333
81.55 0.00156333
81.65 0.00155667
81.75 0.00176667
81.85 0.00163
81.95 0.00148667
82.05 0.00141667
82.15 0.00153
82.25 0.00160333
82.35 0.00161667
82.45 0.00156
82.55 0.00159667
82.65 0.00172667
82.75 0.00167333
82.85 0.00164
82.95 0.00148
83.05 0.00148333
83.15 0.00154667
83.25 0.00152667
83.35 0.00146333
83.45 0.00168
83.55 0.00151
83.65 0.00153333
83.75 0.00150333
83.85 0.00157667
83.95 0.00149667
84.05 0.00149333
84.15 0.00154
84.25 0.00160333
84.35 0.00147333
84.45 0.00149333
84.55 0.00165
84.65 0.00159
84.75 0.00150667
84.85 0.00163333
84.95 0.00168333
85.05 0.00152667
85.15 0.00154
85.25 0.00156
85.35 0.00149667
85.45 0.00152
85.55 0.00153333
85.65 0.00159
85.75 0.00159
85.85 0.00150333
85.95 0.00145333
86.05 0.00163667
86.15 0.00157667
86.25 0.0015
86.35 0.00152333
86.45 0.00144
86.55 0.00154667
86.65 0.00155667
86.75 0.00148
86.85 0.00151333
86.95 0.00155
87.05 0.00153333
87.15 0.00152333
87.25 0.00155667
87.35 0.00159667
87.45 0.00156
87.55 0.00145333
87.65 0.00144667
87.75 0.00145667
87.85 0.00146667
87.95 0.00153667
88.05 0.00144333
88.15 0.00145333
88.25 0.00145333
88.35 0.00149333
88.45 0.00163
88.55 0.00145
88.65 0.00152333
88.75 0.00151667
88.85 0.00157
88.95 0.00136667
89.05 0.00144
89.15 0.00155333
89.25 0.00153667
89.35 0.00152
89.45 0.00134667
89.55 0.00142667
89.65 0.00148667
89.75 0.00134333
89.85 0.00132667
89.95 0.00141333
90.05 0.00139
90.15 0.00148667
90.25 0.00144333
90.35 0.00145
90.45 0.00143
90.55 0.00152667
90.65 0.00147
90.75 0.00142667
90.85 0.00139
90.95 0.00148
91.05 0.00154
91.15 0.00147333
91.25 0.00145333
91.35 0.00139333
91.45 0.00138
91.55 0.00131
91.65 0.00141333
91.75 0.00143
91.85 0.00143
91.95 0.00136333
92.05 0.00138333
92.15 0.00144333
92.25 0.00130667
92.35 0.00141333
92.45 0.00142333
92.55 0.00129667
92.65 0.00143
92.75 0.00144667
92.85 0.00137
92.95 0.00133667
93.05 0.00125
93.15 0.00132333
93.25 0.00133333
93.35 0.00132
93.45 0.00132667
93.55 0.00143667
93.65 0.00143
93.75 0.00134333
93.85 0.00147333
93.95 0.00133667
94.05 0.00137667
94.15 0.00134333
94.25 0.00138
94.35 0.00133
94.45 0.00138333
94.55 0.00140667
94.65 0.00132667
94.75 0.00122
94.85 0.00134
94.95 0.00135667
95.05 0.00116333
95.15 0.00136333
95.25 0.00126
95.35 0.00112667
95.45 0.00123
95.55 0.00129333
95.65 0.0014
95.75 0.00130667
95.85 0.00127333
95.95 0.00128333
96.05 0.00127
96.15 0.0012
96.25 0.00119333
96.35 0.00126333
96.45 0.00134333
96.55 0.00123
96.65 0.00133333
96.75 0.00135
96.85 0.00128
96.95 0.00119333
97.05 0.00129667
97.15 0.00127333
97.25 0.00131333
97.35 0.00116667
97.45 0.00121333
97.55 0.00125333
97.65 0.00128667
97.75 0.00138667
97.85 0.00113333
97.95 0.00126667
98.05 0.00127333
98.15 0.00124333
98.25 0.00116333
98.35 0.00121333
98.45 0.00123
98.55 0.00125667
98.65 0.00130333
98.75 0.00110667
98.85 0.00121
98.95 0.00135667
99.05 0.00110333
99.15 0.00126
99.25 0.00112333
99.35 0.00112667
99.45 0.00124333
99.55 0.00114667
99.65 0.00111667
99.75 0.00122
99.85 0.00111
99.95 0.00119
100.05 0.00117333
100.15 0.00113333
100.25 0.00109333
100.35 0.00125
100.45 0.00120333
100.55 0.00122667
100.65 0.00108333
100.75 0.00120667
100.85 0.00113333
100.95 0.00126667
101.05 0.00107667
101.15 0.00102333
101.25 0.00115667
101.35 0.00112333
101.45 0.00102333
101.55 0.00106
101.65 0.00114333
101.75 0.00115333
101.85 0.00114
101.95 0.00108
102.05 0.00110333
102.15 0.00106667
102.25 0.00111333
102.35 0.00121667
102.45 0.00123333
102.55 0.00108
102.65 0.00093
102.75 0.00112333
102.85 0.00106
102.95 0.00111
103.05 0.000996667
103.15 0.000943333
103.25 0.00114333
103.35 0.00115667
103.45 0.00107667
103.55 0.00108333
103.65 0.00107
103.75 0.00111
103.85 0.001
103.95 0.00106
104.05 0.00107333
104.15 0.00102667
104.25 0.00103333
104.35 0.00110333
104.45 0.00103
104.55 0.000913333
104.65 0.00111333
104.75 0.00113
104.85 0.00115
104.95 0.001
105.05 0.000956667
105.15 0.000976667
105.25 0.000953333
105.35 0.00107667
105.45 0.000996667
105.55 0.000983333
105.65 0.00114
105.75 0.000943333
105.85 0.000983333
105.95 0.00104333
106.05 0.00103
106.15 0.000996667
106.25 0.00102
106.35 0.00092
106.45 0.000976667
106.55 0.0009
106.65 0.00097
106.75 0.00094
106.85 0.000946667
106.95 0.00094
107.05 0.00104667
107.15 0.000936667
107.25 0.00089
107.35 0.000966667
107.45 0.00099
107.55 0.00099
107.65 0.000916667
107.75 0.00084
107.85 0.000973333
107.95 0.00096
108.05 0.000933333
108.15 0.00091
108.25 0.000843333
108.35 0.000986667
108.45 0.000913333
108.55 0.00096
108.65 0.00087
108.75 0.000923333
108.85 0.000953333
108.95 0.00097
109.05 0.000866667
109.15 0.000956667
109.25 0.000983333
109.35 0.000926667
109.45 0.000883333
109.55 0.00093
109.65 0.000846667
109.75 0.00088
109.85 0.0009
109.95 0.00088
110.05 0.00085
110.15 0.000943333
110.25 0.00093
110.35 0.00092
110.45 0.000846667
110.55 0.00087
110.65 0.000886667
110.75 0.000853333
110.85 0.00079
110.95 0.0009
111.05 0.000846667
111.15 0.00097
111.25 0.00076
111.35 0.000793333
111.45 0.000776667
111.55 0.000863333
111.65 0.000713333
111.75 0.00074
111.85 0.000876667
111.95 0.000806667
112.05 0.00088
112.15 0.000736667
112.25 0.000823333
112.35 0.000743333
112.45 0.00084
112.55 0.0008
112.65 0.000813333
112.75 0.000853333
112.85 0.000826667
112.95 0.00075
113.05 0.00082
113.15 0.000756667
113.25 0.00084
113.35 0.000793333
113.45 0.00081
113.55 0.00077
113.65 0.000756667
113.75 0.00082
113.85 0.00078
113.95 0.000713333
114.05 0.000826667
114.15 0.000856667
114.25 0.000676667
114.35 0.000743333
114.45 0.000826667
114.55 0.00076
114.65 0.000766667
114.75 0.00078
114.85 0.000723333
114.95 0.00076
115.05 0.00065
115.15 0.000763333
115.25 0.000706667
115.35 0.000716667
115.45 0.00069
115.55 0.000776667
115.65 0.000733333
115.75 0.000803333
115.85 0.000776667
115.95 0.00067
116.05 0.000633333
116.15 0.0007
116.25 0.00068
116.35 0.000746667
116.45 0.00076
116.55 0.000706667
116.65 0.000786667
116.75 0.00073
116.85 0.00072
116.95 0.00077
117.05 0.000723333
117.15 0.000623333
117.25 0.000743333
117.35 0.00072
117.45 0.000713333
117.55 0.000616667
117.65 0.000693333
117.75 0.000716667
117.85 0.000696667
117.95 0.000696667
118.05 0.000626667
118.15 0.000746667
118.25 0.00073
118.35 0.00067
118.45 0.000616667
118.55 0.000693333
118.65 0.000656667
118.75 0.000656667
118.85 0.000663333
118.95 0.000606667
119.05 0.000616667
119.15 0.000683333
119.25 0.000706667
119.35 0.000656667
119.45 0.00062
119.55 0.00055
119.65 0.00061
119.75 0.00065
119.85 0.000606667
119.95 0.000626667
120.05 0.000673333
120.15 0.000616667
120.25 0.000636667
120.35 0.000596667
120.45 0.00066
120.55 0.000633333
120.65 0.000626667
120.75 0.00056
120.85 0.000596667
120.95 0.000643333
121.05 0.000696667
121.15 0.0007
121.25 0.000623333
121.35 0.00058
121.45 0.000626667
121.55 0.000613333
121.65 0.00064
121.75 0.000616667
121.85 0.00055
121.95 0.000583333
122.05 0.000566667
122.15 0.000516667
122.25 0.0006
122.35 0.00055
122.45 0.0006
122.55 0.00062
122.65 0.000663333
122.75 0.00057
122.85 0.00063
122.95 0.000556667
123.05 0.000576667
123.15 0.000536667
123.25 0.000536667
123.35 0.000556667
123.45 0.000596667
123.55 0.000556667
123.65 0.000603333
123.75 0.000606667
123.85 0.00052
123.95 0.00051
124.05 0.000533333
124.15 0.000616667
124.25 0.000583333
124.35 0.000506667
124.45 0.000573333
124.55 0.000543333
124.65 0.000556667
124.75 0.000593333
124.85 0.00056
124.95 0.000566667
125.05 0.000466667
125.15 0.00054
125.25 0.000526667
125.35 0.000466667
125.45 0.000583333
125.55 0.000643333
125.65 0.000516667
125.75 0.000516667
125.85 0.00054
125.95 0.000553333
126.05 0.000523333
126.15 0.000556667
126.25 0.000523333
126.35 0.00055
126.45 0.00047
126.55 0.000543333
126.65 0.000513333
126.75 0.000536667
126.85 0.000456667
126.95 0.000486667
127.05 0.00045
127.15 0.000603333
127.25 0.00053
127.35 0.00057
127.45 0.00051
127.55 0.000446667
127.65 0.000556667
127.75 0.000523333
127.85 0.000486667
127.95 0.000556667
128.05 0.000493333
128.15 0.000433333
128.25 0.00046
From here I'm not sure
128.35 0.00056
128.45 0.000433333
128.55 0.000553333
128.65 0.00055
128.75 0.000586667
128.85 0.00043
128.95 0.000443333
129.05 0.00053
129.15 0.000526667
129.25 0.00046
129.35 0.00047
129.45 0.00046
129.55 0.00045
129.65 0.000526667
129.75 0.000453333
129.85 0.000533333
129.95 0.000526667
130.05 0.00048
130.15 0.00055
130.25 0.00045
130.35 0.00052
130.45 0.00049
130.55 0.00048
130.65 0.00048
130.75 0.000403333
130.85 0.000423333
130.95 0.0005
131.05 0.000426667
131.15 0.000433333
131.25 0.000416667
131.35 0.000473333
131.45 0.000376667
131.55 0.00043
131.65 0.00043
131.75 0.00056
131.85 0.000403333
131.95 0.000463333
132.05 0.00044
132.15 0.000473333
132.25 0.00046
132.35 0.000413333
132.45 0.000483333
132.55 0.000466667
132.65 0.000396667
132.75 0.000456667
132.85 0.000436667
132.95 0.00043
133.05 0.00042
133.15 0.000413333
skip all
133.25 0.000396667
133.35 0.000456667
133.45 0.000423333
133.55 0.000416667
133.65 0.000366667
133.75 0.000463333
133.85 0.000446667
133.95 0.00044
134.05 0.000443333
134.15 0.000396667
134.25 0.000403333
134.35 0.00038
134.45 0.000463333
134.55 0.000366667
134.65 0.000413333
134.75 0.000416667
134.85 0.00041
134.95 0.000433333
135.05 0.000386667
135.15 0.000366667
135.25 0.000366667
135.35 0.000413333
135.45 0.000403333
135.55 0.000443333
135.65 0.000433333
135.75 0.00039
135.85 0.00043
135.95 0.000416667
136.05 0.00039
136.15 0.000376667
136.25 0.00045
136.35 0.00044
136.45 0.000363333
136.55 0.00043
136.65 0.00041
136.75 0.000453333
136.85 0.00033
136.95 0.00036
137.05 0.00044
137.15 0.000336667
137.25 0.000413333
137.35 0.00041
137.45 0.000383333
137.55 0.000356667
137.65 0.000383333
137.75 0.000403333
137.85 0.000396667
137.95 0.000393333
138.05 0.00034
138.15 0.000433333
138.25 0.000453333
138.35 0.00033
138.45 0.000363333
138.55 0.000366667
138.65 0.000396667
138.75 0.00035
138.85 0.000396667
138.95 0.000353333
139.05 0.000436667
139.15 0.00035
139.25 0.000343333
139.35 0.000413333
139.45 0.00038
139.55 0.000396667
139.65 0.000373333
139.75 0.00037
139.85 0.000353333
139.95 0.000393333
140.05 0.000363333
140.15 0.000323333
140.25 0.000376667
140.35 0.000336667
140.45 0.000356667
140.55 0.000283333
140.65 0.000333333
140.75 0.000346667
140.85 0.00031
140.95 0.000366667
141.05 0.000416667
141.15 0.00038
141.25 0.000283333
141.35 0.00034
141.45 0.000336667
141.55 0.000346667
141.65 0.000353333
141.75 0.000323333
141.85 0.000353333
141.95 0.000336667
142.05 0.00036
142.15 0.000336667
142.25 0.00037
142.35 0.000263333
142.45 0.000336667
142.55 0.000313333
142.65 0.000296667
142.75 0.000293333
142.85 0.000293333
142.95 0.000383333
143.05 0.000296667
143.15 0.000376667
143.25 0.00028
143.35 0.000296667
143.45 0.000356667
143.55 0.000313333
143.65 0.00036
143.75 0.000346667
143.85 0.000383333
143.95 0.000283333
144.05 0.000273333
144.15 0.0003
144.25 0.00033
144.35 0.000326667
144.45 0.000373333
144.55 0.00034
144.65 0.00027
144.75 0.00027
144.85 0.000316667
144.95 0.00027
145.05 0.000316667
145.15 0.000313333
145.25 0.00031
145.35 0.00031
145.45 0.000373333
145.55 0.000313333
145.65 0.00028
145.75 0.000283333
145.85 0.000236667
145.95 0.000256667
146.05 0.000356667
146.15 0.000273333
146.25 0.00026
146.35 0.000253333
146.45 0.000323333
146.55 0.00031
146.65 0.000306667
146.75 0.000316667
146.85 0.000313333
146.95 0.000293333
147.05 0.00026
147.15 0.00024
147.25 0.000296667
147.35 0.00025
147.45 0.000253333
147.55 0.000266667
147.65 0.000316667
147.75 0.0003
147.85 0.000293333
147.95 0.000273333
148.05 0.000303333
148.15 0.000276667
148.25 0.000253333
148.35 0.0003
148.45 0.000266667
148.55 0.000306667
148.65 0.000253333
148.75 0.000286667
148.85 0.00022
148.95 0.000246667
149.05 0.000293333
149.15 0.000266667
149.25 0.00024
149.35 0.000243333
149.45 0.000283333
149.55 0.00021
149.65 0.00023
149.75 0.00027
149.85 0.00025
149.95 0.000276667
150.05 0.000273333
150.15 0.000233333
150.25 0.00026
150.35 0.00027
150.45 0.000243333
150.55 0.000286667
150.65 0.00023
150.75 0.000246667
150.85 0.000223333
150.95 0.00025
151.05 0.00022
151.15 0.00025
151.25 0.0002
151.35 0.00027
151.45 0.000243333
151.55 0.000253333
151.65 0.000253333
151.75 0.000266667
151.85 0.000256667
151.95 0.00024
152.05 0.000223333
152.15 0.000306667
152.25 0.00025
152.35 0.00031
152.45 0.000236667
152.55 0.000273333
152.65 0.000243333
152.75 0.000246667
152.85 0.000263333
152.95 0.000206667
153.05 0.000203333
153.15 0.000196667
153.25 0.00022
153.35 0.000256667
153.45 0.000253333
153.55 0.000236667
153.65 0.00024
153.75 0.000263333
153.85 0.000186667
153.95 0.00024
154.05 0.00021
154.15 0.00028
154.25 0.000276667
154.35 0.000253333
154.45 0.000236667
154.55 0.000253333
154.65 0.000233333
154.75 0.000266667
154.85 0.000213333
154.95 0.000226667
155.05 0.00026
155.15 0.00024
155.25 0.000216667
155.35 0.00017
155.45 0.000273333
155.55 0.000256667
155.65 0.000256667
155.75 0.000203333
155.85 0.000193333
155.95 0.00023
156.05 0.00021
156.15 0.000266667
156.25 0.0002
156.35 0.000256667
156.45 0.000173333
156.55 0.00022
156.65 0.00022
156.75 0.00018
156.85 0.00019
156.95 0.000183333
157.05 0.000216667
157.15 0.000196667
157.25 0.000176667
157.35 0.000166667
157.45 0.000196667
157.55 0.000193333
157.65 0.000203333
157.75 0.00028
157.85 0.00021
157.95 0.00016
158.05 0.00024
158.15 0.00021
158.25 0.00024
158.35 0.000166667
158.45 0.000183333
158.55 0.000193333
158.65 0.000163333
158.75 0.00018
158.85 0.00018
158.95 0.000196667
159.05 0.000196667
159.15 0.00018
159.25 0.000186667
159.35 0.00016
159.45 0.000206667
159.55 0.00018
159.65 0.000203333
159.75 0.0002
159.85 0.00021
159.95 0.00025
160.05 0.00017
160.15 0.000266667
160.25 0.000143333
160.35 0.000206667
160.45 0.00015
160.55 0.000246667
160.65 0.000183333
160.75 0.00018
160.85 0.00015
160.95 0.000146667
161.05 0.000183333
161.15 0.000223333
161.25 0.00015
161.35 0.000186667
161.45 0.000156667
161.55 0.00018
161.65 0.00019
161.75 0.0002
161.85 0.000233333
161.95 0.00019
162.05 0.000136667
162.15 0.00019
162.25 0.00023
162.35 0.00018
162.45 0.00018
162.55 0.00017
162.65 0.000206667
162.75 0.00021
162.85 0.00017
162.95 0.000183333
163.05 0.000196667
163.15 0.000153333
163.25 0.000183333
163.35 0.00012
163.45 0.0002
163.55 0.000173333
163.65 0.000163333
163.75 0.00016
163.85 0.00017
163.95 0.00016
164.05 0.00012
164.15 0.00018
164.25 0.00016
164.35 0.00017
164.45 0.000126667
164.55 0.000183333
164.65 0.000153333
164.75 0.00016
164.85 0.000183333
164.95 0.000116667
165.05 0.00017
165.15 0.000173333
165.25 0.000156667
165.35 0.000146667
165.45 0.00017
165.55 0.000156667
165.65 0.000173333
165.75 0.000153333
165.85 0.000156667
165.95 0.000133333
166.05 0.000143333
166.15 0.000183333
166.25 0.000166667
166.35 0.000133333
166.45 0.000146667
166.55 0.000153333
166.65 0.000156667
166.75 0.00014
166.85 0.000163333
166.95 0.000153333
167.05 0.00016
167.15 0.000116667
167.25 0.000163333
167.35 0.000153333
167.45 0.000143333
167.55 0.000173333
167.65 0.000183333
167.75 0.000163333
167.85 0.000123333
167.95 0.00021
168.05 0.000113333
168.15 0.00016
168.25 0.000186667
168.35 0.000133333
168.45 0.00012
168.55 0.000116667
168.65 0.00014
168.75 0.000116667
168.85 0.000123333
168.95 0.00017
169.05 0.000136667
169.15 0.000123333
169.25 0.000106667
169.35 0.00012
169.45 0.000126667
169.55 0.000163333
169.65 0.00016
169.75 0.000146667
169.85 0.000123333
169.95 0.00011
170.05 0.000126667
170.15 0.000123333
170.25 0.00011
170.35 0.000126667
170.45 0.000146667
170.55 0.00014
170.65 0.000106667
170.75 0.00013
170.85 0.000133333
170.95 0.00011
171.05 0.000133333
171.15 0.00014
171.25 0.000103333
171.35 0.000126667
171.45 0.000123333
171.55 0.000123333
171.65 0.00013
171.75 0.000116667
171.85 0.00013
171.95 0.00011
172.05 9.33333e-05
172.15 0.00014
172.25 0.00014
172.35 0.00012
172.45 0.000156667
172.55 0.000146667
172.65 0.0001
172.75 0.00012
172.85 0.000106667
172.95 0.00016
173.05 0.00012
173.15 0.000136667
173.25 0.000103333
173.35 0.000153333
173.45 0.000103333
173.55 0.000126667
173.65 0.000126667
173.75 9.66667e-05
173.85 0.000146667
173.95 0.00011
174.05 0.00015
174.15 0.000113333
174.25 0.000133333
174.35 0.000116667
174.45 0.000123333
174.55 0.00015
174.65 0.0001
174.75 6.33333e-05
174.85 0.00013
174.95 0.000136667
175.05 0.000103333
175.15 0.0001
175.25 0.000116667
175.35 8e-05
175.45 0.00013
175.55 0.000103333
175.65 0.00012
175.75 9.66667e-05
175.85 0.0001
175.95 8e-05
176.05 6.33333e-05
176.15 0.000113333
176.25 0.00012
176.35 9.66667e-05
176.45 9.66667e-05
176.55 8.66667e-05
176.65 0.00012
176.75 0.000126667
176.85 0.00011
176.95 0.000106667
177.05 0.000113333
177.15 0.00011
177.25 9e-05
177.35 0.0001
177.45 9.66667e-05
177.55 0.000103333
177.65 0.000116667
177.75 0.000103333
177.85 0.000113333
177.95 0.00012
178.05 0.0001
178.15 8.66667e-05
178.25 0.000136667
178.35 9.33333e-05
178.45 0.00012
178.55 8.33333e-05
178.65 0.000106667
178.75 7.66667e-05
178.85 8.66667e-05
178.95 0.00011
179.05 0.0001
179.15 8e-05
179.25 8.66667e-05
179.35 9e-05
179.45 0.000126667
179.55 9.33333e-05
179.65 9.66667e-05
179.75 0.000123333
179.85 0.00011
179.95 0.0001
180.05 0.000116667
180.15 0.000123333
180.25 9.66667e-05
180.35 0.00011
180.45 8e-05
180.55 0.000103333
180.65 0.000136667
180.75 9.33333e-05
180.85 9.33333e-05
180.95 9e-05
181.05 9.33333e-05
181.15 9.33333e-05
181.25 8e-05
181.35 9e-05
181.45 0.0001
181.55 7e-05
181.65 0.000113333
181.75 9e-05
181.85 9.33333e-05
181.95 5.66667e-05
182.05 0.0001
182.15 7e-05
182.25 6.33333e-05
182.35 9.66667e-05
182.45 8e-05
182.55 5.66667e-05
182.65 0.000113333
182.75 0.0001
182.85 6.66667e-05
182.95 7e-05
183.05 0.000126667
183.15 6.66667e-05
183.25 8.66667e-05
183.35 9e-05
183.45 9.33333e-05
183.55 8e-05
183.65 6.33333e-05
183.75 6.33333e-05
183.85 9.33333e-05
183.95 8e-05
184.05 7.66667e-05
184.15 7.66667e-05
184.25 0.000103333
184.35 6.66667e-05
184.45 8.66667e-05
184.55 8.66667e-05
184.65 5.66667e-05
184.75 7.33333e-05
184.85 7.66667e-05
184.95 5.66667e-05
185.05 0.000123333
185.15 0.0001
185.25 6.66667e-05
185.35 9.66667e-05
185.45 7.66667e-05
185.55 6e-05
185.65 0.0001
185.75 6.33333e-05
185.85 4.33333e-05
185.95 7.33333e-05
186.05 7.33333e-05
186.15 4.33333e-05
186.25 6.33333e-05
186.35 7.66667e-05
186.45 6.33333e-05
186.55 8e-05
186.65 8.33333e-05
186.75 5.66667e-05
186.85 8.66667e-05
186.95 8.66667e-05
187.05 5.66667e-05
187.15 7.33333e-05
187.25 7.33333e-05
187.35 6.66667e-05
187.45 9e-05
187.55 8.33333e-05
187.65 6.33333e-05
187.75 4.66667e-05
187.85 8.66667e-05
187.95 8.66667e-05
188.05 4e-05
188.15 5.66667e-05
188.25 8.33333e-05
188.35 7.33333e-05
188.45 8e-05
188.55 7.66667e-05
188.65 5.66667e-05
188.75 6.66667e-05
188.85 5.66667e-05
188.95 7.33333e-05
189.05 6.66667e-05
189.15 6.33333e-05
189.25 6e-05
189.35 6e-05
189.45 4.66667e-05
189.55 9.66667e-05
189.65 6.33333e-05
189.75 7e-05
189.85 8e-05
189.95 6.66667e-05
190.05 6e-05
190.15 7e-05
190.25 7e-05
190.35 6e-05
190.45 7.33333e-05
190.55 5.66667e-05
190.65 5e-05
190.75 8.33333e-05
190.85 5.66667e-05
190.95 7e-05
191.05 8.33333e-05
191.15 0.0001
191.25 5.33333e-05
191.35 6.33333e-05
191.45 6.66667e-05
191.55 5e-05
191.65 7.33333e-05
191.75 6.66667e-05
191.85 6e-05
191.95 4e-05
192.05 6e-05
192.15 5e-05
192.25 4e-05
192.35 6e-05
192.45 7.66667e-05
192.55 7e-05
192.65 7.33333e-05
192.75 7e-05
192.85 7.33333e-05
192.95 8.33333e-05
193.05 7.33333e-05
193.15 4e-05
193.25 2.33333e-05
193.35 7.33333e-05
193.45 5.66667e-05
193.55 6e-05
193.65 9e-05
193.75 4.33333e-05
193.85 6.66667e-05
193.95 4e-05
194.05 7.66667e-05
194.15 5.66667e-05
194.25 4.66667e-05
194.35 4e-05
194.45 5.33333e-05
194.55 6e-05
194.65 7.66667e-05
194.75 6.66667e-05
194.85 5.33333e-05
194.95 7.66667e-05
195.05 5e-05
195.15 4.66667e-05
195.25 2e-05
195.35 8.66667e-05
195.45 5e-05
195.55 7.33333e-05
195.65 4.33333e-05
195.75 3.66667e-05
195.85 4.66667e-05
195.95 9e-05
196.05 6.33333e-05
196.15 4.33333e-05
196.25 6e-05
196.35 4.66667e-05
196.45 4.33333e-05
196.55 6.66667e-05
196.65 5.66667e-05
196.75 4e-05
196.85 3.66667e-05
196.95 4.33333e-05
197.05 5e-05
197.15 4.33333e-05
197.25 5.33333e-05
197.35 5e-05
197.45 6e-05
197.55 6e-05
197.65 6.33333e-05
197.75 6e-05
197.85 5.33333e-05
197.95 3e-05
198.05 3.66667e-05
198.15 6.33333e-05
198.25 4.33333e-05
198.35 4.33333e-05
198.45 6e-05
198.55 5.66667e-05
198.65 4.66667e-05
198.75 3.33333e-05
198.85 6e-05
198.95 3.33333e-05
199.05 6.66667e-05
199.15 4.33333e-05
199.25 2.66667e-05
199.35 5.33333e-05
199.45 4.33333e-05
199.55 4.66667e-05
199.65 5.33333e-05
199.75 5.66667e-05
199.85 5e-05
199.95 5.66667e-05
200.05 6.33333e-05
200.15 4.33333e-05
200.25 2.33333e-05
200.35 5.33333e-05
200.45 4.66667e-05
200.55 1.66667e-05
200.65 4e-05
200.75 5e-05
200.85 4.33333e-05
200.95 4e-05
201.05 3e-05
201.15 5e-05
201.25 6.33333e-05
201.35 6.66667e-05
201.45 3e-05
201.55 6e-05
201.65 4e-05
201.75 3.66667e-05
201.85 5.33333e-05
201.95 5.33333e-05
202.05 4e-05
202.15 8e-05
202.25 3.66667e-05
202.35 4.66667e-05
202.45 2.33333e-05
202.55 6e-05
202.65 4.66667e-05
202.75 5e-05
202.85 3.66667e-05
202.95 4e-05
203.05 4.66667e-05
203.15 3.33333e-05
203.25 3.66667e-05
203.35 5.66667e-05
203.45 5.33333e-05
203.55 7e-05
203.65 2.66667e-05
203.75 4.33333e-05
203.85 3.66667e-05
203.95 3.66667e-05
204.05 4.66667e-05
204.15 6e-05
204.25 3.66667e-05
204.35 2.66667e-05
204.45 4e-05
204.55 3.66667e-05
204.65 5.66667e-05
204.75 4e-05
204.85 7.66667e-05
204.95 5.33333e-05
205.05 5.66667e-05
205.15 5e-05
205.25 3e-05
205.35 3.66667e-05
205.45 5.33333e-05
205.55 5e-05
205.65 2.66667e-05
205.75 4.66667e-05
205.85 5.66667e-05
205.95 3e-05
206.05 5.66667e-05
206.15 4.33333e-05
206.25 2.33333e-05
206.35 3.66667e-05
206.45 3.66667e-05
206.55 3.66667e-05
206.65 3.33333e-05
206.75 3.66667e-05
206.85 6.33333e-05
206.95 4.66667e-05
207.05 6.66667e-05
207.15 3.33333e-05
207.25 5.33333e-05
207.35 2.33333e-05
207.45 4.66667e-05
207.55 4.33333e-05
207.65 3.33333e-05
207.75 5e-05
207.85 4.66667e-05
207.95 3.33333e-05
208.05 3.33333e-05
208.15 3.66667e-05
208.25 4.33333e-05
208.35 3.33333e-05
208.45 4.66667e-05
208.55 4.33333e-05
208.65 2e-05
208.75 6.33333e-05
208.85 5.66667e-05
208.95 3e-05
209.05 4.66667e-05
209.15 5.33333e-05
209.25 3.66667e-05
209.35 5.33333e-05
209.45 4.33333e-05
209.55 3e-05
209.65 6e-05
209.75 4.66667e-05
209.85 5.33333e-05
209.95 4e-05
210.05 6e-05
210.15 2.66667e-05
210.25 6.33333e-05
210.35 5e-05
210.45 5.66667e-05
210.55 5e-05
210.65 4e-05
210.75 4.66667e-05
210.85 3e-05
210.95 4.66667e-05
211.05 4.66667e-05
211.15 3e-05
211.25 3.66667e-05
211.35 4.33333e-05
211.45 4e-05
211.55 2.66667e-05
211.65 4.66667e-05
211.75 4.33333e-05
211.85 2.66667e-05
211.95 4e-05
212.05 3.33333e-05
212.15 3e-05
212.25 3e-05
212.35 6e-05
212.45 2.66667e-05
212.55 5e-05
212.65 6e-05
212.75 2.66667e-05
212.85 2e-05
212.95 3.33333e-05
213.05 4.33333e-05
213.15 3.33333e-05
213.25 4.33333e-05
213.35 4e-05
213.45 6e-05
213.55 6.66667e-05
213.65 4e-05
213.75 3e-05
213.85 2e-05
213.95 4e-05
214.05 3.33333e-05
214.15 4e-05
214.25 3e-05
214.35 2.66667e-05
214.45 2e-05
214.55 4e-05
214.65 1.66667e-05
214.75 5e-05
214.85 3.33333e-05
214.95 4.33333e-05
215.05 3e-05
215.15 3e-05
215.25 4.66667e-05
215.35 3.66667e-05
215.45 2.33333e-05
215.55 6.33333e-05
215.65 2.66667e-05
215.75 6.33333e-05
215.85 2e-05
215.95 3.33333e-05
216.05 3.33333e-05
216.15 3.33333e-05
216.25 3.33333e-05
216.35 3.33333e-05
216.45 4.66667e-05
216.55 4e-05
216.65 3.33333e-05
216.75 3e-05
216.85 3e-05
216.95 3.33333e-05
217.05 3.33333e-05
217.15 4.66667e-05
217.25 2e-05
217.35 3.33333e-05
217.45 2.66667e-05
217.55 4.66667e-05
217.65 3.33333e-05
217.75 3.66667e-05
217.85 4e-05
217.95 3e-05
218.05 4e-05
218.15 2.33333e-05
218.25 5e-05
218.35 5e-05
218.45 2e-05
218.55 3.33333e-05
218.65 5e-05
218.75 3.33333e-05
218.85 3e-05
218.95 4e-05
219.05 6e-05
219.15 4.33333e-05
219.25 3.66667e-05
219.35 3.66667e-05
219.45 2.33333e-05
219.55 4e-05
219.65 3.33333e-05
219.75 2.66667e-05
219.85 3.66667e-05
219.95 3.33333e-05
220.05 3e-05
220.15 3e-05
220.25 3.66667e-05
220.35 3.66667e-05
220.45 3.33333e-05
220.55 2e-05
220.65 4.66667e-05
220.75 5e-05
220.85 6.66667e-06
220.95 3.66667e-05
221.05 2.33333e-05
221.15 3e-05
221.25 2.33333e-05
221.35 4e-05
221.45 3e-05
221.55 4e-05
221.65 3.66667e-05
221.75 1.66667e-05
221.85 2.33333e-05
221.95 3.33333e-05
222.05 1.33333e-05
222.15 3.66667e-05
222.25 3.33333e-05
222.35 1.66667e-05
222.45 3.66667e-05
222.55 2.66667e-05
222.65 2.33333e-05
222.75 3.66667e-05
222.85 1.33333e-05
222.95 2.33333e-05
223.05 3.33333e-05
223.15 2e-05
223.25 3.66667e-05
223.35 3.66667e-05
223.45 2.66667e-05
223.55 5e-05
223.65 3.66667e-05
223.75 3e-05
223.85 1.66667e-05
223.95 1.33333e-05
224.05 2e-05
224.15 1.66667e-05
224.25 4.33333e-05
224.35 2.66667e-05
224.45 2.33333e-05
224.55 4.33333e-05
224.65 3e-05
224.75 2.66667e-05
224.85 2.33333e-05
224.95 1e-05
225.05 2.33333e-05
225.15 2.66667e-05
225.25 4e-05
225.35 1.33333e-05
225.45 2.33333e-05
225.55 3e-05
225.65 4e-05
225.75 3.33333e-05
225.85 4e-05
225.95 3e-05
226.05 2.66667e-05
226.15 5.33333e-05
226.25 2e-05
226.35 3e-05
226.45 2.66667e-05
226.55 3e-05
226.65 2.66667e-05
226.75 2.33333e-05
226.85 3e-05
226.95 3e-05
227.05 2.66667e-05
227.15 2.33333e-05
227.25 2.33333e-05
227.35 2.33333e-05
227.45 3.33333e-05
227.55 2e-05
227.65 3.66667e-05
227.75 1.33333e-05
227.85 1.33333e-05
227.95 2.66667e-05
228.05 3.66667e-05
228.15 3.33333e-05
228.25 3.33333e-05
228.35 2.33333e-05
228.45 1e-05
228.55 1.66667e-05
228.65 6.66667e-06
228.75 2.33333e-05
228.85 3.33333e-05
228.95 2.33333e-05
229.05 1.66667e-05
229.15 3e-05
229.25 2e-05
229.35 2.66667e-05
229.45 2.33333e-05
229.55 3e-05
229.65 2e-05
229.75 3e-05
229.85 2.66667e-05
229.95 2.33333e-05
230.05 2.66667e-05
230.15 1.66667e-05
230.25 1.33333e-05
230.35 6.66667e-06
230.45 3e-05
230.55 2.33333e-05
230.65 2.66667e-05
230.75 1.66667e-05
230.85 2.66667e-05
230.95 4e-05
231.05 1.66667e-05
231.15 2e-05
231.25 2.66667e-05
231.35 1.66667e-05
231.45 2.33333e-05
231.55 6.66667e-06
231.65 1.33333e-05
231.75 2.66667e-05
231.85 2e-05
231.95 2.33333e-05
232.05 2e-05
232.15 1.33333e-05
232.25 2.66667e-05
232.35 1.66667e-05
232.45 3e-05
232.55 1.33333e-05
232.65 3.66667e-05
232.75 4e-05
232.85 1.66667e-05
232.95 1.33333e-05
233.05 3.66667e-05
233.15 1.66667e-05
233.25 2.66667e-05
233.35 1.66667e-05
233.45 2.66667e-05
233.55 1.66667e-05
233.65 3e-05
233.75 1.66667e-05
233.85 3e-05
233.95 3.33333e-05
234.05 1.66667e-05
234.15 2e-05
234.25 1.33333e-05
234.35 2.66667e-05
234.45 1.66667e-05
234.55 2e-05
234.65 1e-05
234.75 6.66667e-06
234.85 3e-05
234.95 1.66667e-05
235.05 6.66667e-06
235.15 1e-05
235.25 2e-05
235.35 3.33333e-05
235.45 3.33333e-05
235.55 2.66667e-05
235.65 1e-05
235.75 1.33333e-05
235.85 5e-05
235.95 2.33333e-05
236.05 2.33333e-05
236.15 1.33333e-05
236.25 2.66667e-05
236.35 3.33333e-05
236.45 2.66667e-05
236.55 2.33333e-05
236.65 3.33333e-05
236.75 3e-05
236.85 2.33333e-05
236.95 3e-05
237.05 1.33333e-05
237.15 2.33333e-05
237.25 2.33333e-05
237.35 3e-05
237.45 2e-05
237.55 3e-05
237.65 1e-05
237.75 2e-05
237.85 2e-05
237.95 2e-05
238.05 2.33333e-05
238.15 1.66667e-05
238.25 2e-05
238.35 2e-05
238.45 3e-05
238.55 2e-05
238.65 6.66667e-06
238.75 2.33333e-05
238.85 1e-05
238.95 3e-05
239.05 2.66667e-05
239.15 3.33333e-06
239.25 1.33333e-05
239.35 1e-05
239.45 6.66667e-06
239.55 3.33333e-05
239.65 1.33333e-05
239.75 1.33333e-05
239.85 1.66667e-05
239.95 6.66667e-06
240.05 1e-05
240.15 2e-05
240.25 1.66667e-05
240.35 1e-05
240.45 3e-05
240.55 2e-05
240.65 2.33333e-05
240.75 1e-05
240.85 2e-05
240.95 2.66667e-05
241.05 1.66667e-05
241.15 1.66667e-05
241.25 6.66667e-06
241.35 2.66667e-05
241.45 1e-05
241.55 6.66667e-06
241.65 1.66667e-05
241.75 1.33333e-05
241.85 1.66667e-05
241.95 2.33333e-05
242.05 1.66667e-05
242.15 1.66667e-05
242.25 2.66667e-05
242.35 2.33333e-05
242.45 2e-05
242.55 3e-05
242.65 2.66667e-05
242.75 1e-05
242.85 2e-05
242.95 2.33333e-05
243.05 1.66667e-05
243.15 1.33333e-05
243.25 3e-05
243.35 2.33333e-05
243.45 2.66667e-05
243.55 1.33333e-05
243.65 1e-05
243.75 6.66667e-06
243.85 2.66667e-05
243.95 1.33333e-05
244.05 3e-05
244.15 2.33333e-05
244.25 2e-05
244.35 1.33333e-05
244.45 2.33333e-05
244.55 2e-05
244.65 2.33333e-05
244.75 1.66667e-05
244.85 1.66667e-05
244.95 1.66667e-05
245.05 1e-05
245.15 2e-05
245.25 2.66667e-05
245.35 2.66667e-05
245.45 1.33333e-05
245.55 1.33333e-05
245.65 3.33333e-05
245.75 2e-05
245.85 1.33333e-05
245.95 2.66667e-05
246.05 1.33333e-05
246.15 3.66667e-05
246.25 1.33333e-05
246.35 1e-05
246.45 2.33333e-05
246.55 1.33333e-05
246.65 2e-05
246.75 2.33333e-05
246.85 6.66667e-06
246.95 2e-05
247.05 1.33333e-05
247.15 1e-05
247.25 1e-05
247.35 1e-05
247.45 1e-05
247.55 1.33333e-05
247.65 1.33333e-05
247.75 2.33333e-05
247.85 2.33333e-05
247.95 2e-05
248.05 1e-05
248.15 6.66667e-06
248.25 2e-05
248.35 3e-05
248.45 1.66667e-05
248.55 1e-05
248.65 1.66667e-05
248.75 1e-05
248.85 1.66667e-05
248.95 2.66667e-05
249.05 1e-05
249.15 2e-05
249.25 1.66667e-05
249.35 1.33333e-05
249.45 2.33333e-05
249.55 1.33333e-05
249.65 1.66667e-05
249.75 1.33333e-05
249.85 6.66667e-06
249.95 1.66667e-05
250.05 1.66667e-05
250.15 2.33333e-05
250.25 1e-05
250.35 1.66667e-05
250.45 1.33333e-05
250.55 1.33333e-05
250.65 1.66667e-05
250.75 3e-05
250.85 1.33333e-05
250.95 2.66667e-05
251.05 3.33333e-06
251.15 2.66667e-05
251.25 1.33333e-05
251.35 3.33333e-05
251.45 2.33333e-05
251.55 1e-05
251.65 1.66667e-05
251.75 2e-05
251.85 2.33333e-05
251.95 3.33333e-06
252.05 0
252.15 1.66667e-05
252.25 1e-05
252.35 1e-05
252.45 3.33333e-05
252.55 3.33333e-06
252.65 1.33333e-05
252.75 1e-05
252.85 1.33333e-05
252.95 1.33333e-05
253.05 6.66667e-06
253.15 2e-05
253.25 2.33333e-05
253.35 1.66667e-05
253.45 6.66667e-06
253.55 6.66667e-06
253.65 6.66667e-06
253.75 1.66667e-05
253.85 1e-05
253.95 1.66667e-05
254.05 1e-05
254.15 3e-05
254.25 6.66667e-06
254.35 2.33333e-05
254.45 1.66667e-05
254.55 1e-05
254.65 1e-05
254.75 6.66667e-06
254.85 6.66667e-06
254.95 1e-05
255.05 1.66667e-05
255.15 6.66667e-06
255.25 1e-05
255.35 2e-05
255.45 0
255.55 6.66667e-06
255.65 1.33333e-05
255.75 6.66667e-06
255.85 2.66667e-05
255.95 3.33333e-06
256.05 6.66667e-06
256.15 3.33333e-06
256.25 6.66667e-06
256.35 6.66667e-06
256.45 6.66667e-06
256.55 1.33333e-05
256.65 6.66667e-06
256.75 1.66667e-05
256.85 1.33333e-05
256.95 6.66667e-06
257.05 1e-05
257.15 6.66667e-06
257.25 1e-05
257.35 1e-05
257.45 1.33333e-05
257.55 1e-05
257.65 1.33333e-05
257.75 1e-05
257.85 1e-05
257.95 6.66667e-06
258.05 1.66667e-05
258.15 6.66667e-06
258.25 1.33333e-05
258.35 1e-05
258.45 1e-05
258.55 1e-05
258.65 3.33333e-06
258.75 1.66667e-05
258.85 1.66667e-05
258.95 3e-05
259.05 2e-05
259.15 6.66667e-06
259.25 3.33333e-06
259.35 1e-05
259.45 1e-05
259.55 3.33333e-06
259.65 1.33333e-05
259.75 1e-05
259.85 1.33333e-05
259.95 1.33333e-05
260.05 2e-05
260.15 3.33333e-06
260.25 0
260.35 2e-05
260.45 2e-05
260.55 0
260.65 1.33333e-05
260.75 6.66667e-06
260.85 2e-05
260.95 6.66667e-06
261.05 1e-05
261.15 1.66667e-05
261.25 3.33333e-06
261.35 3.33333e-06
261.45 1.66667e-05
261.55 1.66667e-05
261.65 2.66667e-05
261.75 1e-05
261.85 3.33333e-06
261.95 2e-05
262.05 1.66667e-05
262.15 6.66667e-06
262.25 1.66667e-05
262.35 1.66667e-05
262.45 4e-05
262.55 1.66667e-05
262.65 6.66667e-06
262.75 1.66667e-05
262.85 3.33333e-06
262.95 6.66667e-06
263.05 1.33333e-05
263.15 1.66667e-05
263.25 6.66667e-06
263.35 1.33333e-05
263.45 1e-05
263.55 6.66667e-06
263.65 3.33333e-06
263.75 0
263.85 3.33333e-06
263.95 1e-05
264.05 6.66667e-06
264.15 3.33333e-06
264.25 1e-05
264.35 6.66667e-06
264.45 1e-05
264.55 1e-05
264.65 3.33333e-06
264.75 1.33333e-05
264.85 6.66667e-06
264.95 1.66667e-05
265.05 1e-05
265.15 1.33333e-05
265.25 1.33333e-05
265.35 6.66667e-06
265.45 0
265.55 6.66667e-06
265.65 6.66667e-06
265.75 1.33333e-05
265.85 1.66667e-05
265.95 1e-05
266.05 1.33333e-05
266.15 6.66667e-06
266.25 6.66667e-06
266.35 6.66667e-06
266.45 2e-05
266.55 1e-05
266.65 3.33333e-06
266.75 6.66667e-06
266.85 1e-05
266.95 6.66667e-06
267.05 1e-05
267.15 1.33333e-05
267.25 0
267.35 1.66667e-05
267.45 1e-05
267.55 6.66667e-06
267.65 6.66667e-06
267.75 1e-05
267.85 1.33333e-05
267.95 3.33333e-06
268.05 6.66667e-06
268.15 1.66667e-05
268.25 3.33333e-06
268.35 3.33333e-06
268.45 6.66667e-06
268.55 1.33333e-05
268.65 6.66667e-06
268.75 1e-05
268.85 1.66667e-05
268.95 6.66667e-06
269.05 2e-05
269.15 1.66667e-05
269.25 0
269.35 1.66667e-05
269.45 6.66667e-06
269.55 1e-05
269.65 3.33333e-05
269.75 3.33333e-06
269.85 1.66667e-05
269.95 6.66667e-06
270.05 1.66667e-05
270.15 1.66667e-05
270.25 6.66667e-06
270.35 0
270.45 6.66667e-06
270.55 1e-05
270.65 6.66667e-06
270.75 3.33333e-06
270.85 1e-05
270.95 6.66667e-06
271.05 3.33333e-06
271.15 1.33333e-05
271.25 6.66667e-06
271.35 0
271.45 3.33333e-06
271.55 1.33333e-05
271.65 0
271.75 3.33333e-06
271.85 6.66667e-06
271.95 6.66667e-06
272.05 1e-05
272.15 2e-05
272.25 3.33333e-06
272.35 3.33333e-06
272.45 6.66667e-06
272.55 3.33333e-06
272.65 1.66667e-05
272.75 1.33333e-05
272.85 1e-05
272.95 6.66667e-06
273.05 6.66667e-06
273.15 0
273.25 6.66667e-06
273.35 3.33333e-06
273.45 6.66667e-06
273.55 1.66667e-05
273.65 3.33333e-06
273.75 0
273.85 6.66667e-06
273.95 0
274.05 6.66667e-06
274.15 3.33333e-06
274.25 3.33333e-06
274.35 2e-05
274.45 1.33333e-05
274.55 1e-05
274.65 0
274.75 6.66667e-06
274.85 1e-05
274.95 3.33333e-06
275.05 6.66667e-06
275.15 1.33333e-05
275.25 6.66667e-06
275.35 3.33333e-06
275.45 1e-05
275.55 6.66667e-06
275.65 3.33333e-06
275.75 6.66667e-06
275.85 1.33333e-05
275.95 6.66667e-06
276.05 3.33333e-06
276.15 0
276.25 1e-05
276.35 6.66667e-06
276.45 6.66667e-06
276.55 3.33333e-06
276.65 3.33333e-06
276.75 6.66667e-06
276.85 1.33333e-05
276.95 3.33333e-06
277.05 1.66667e-05
277.15 1.33333e-05
277.25 0
277.35 6.66667e-06
277.45 2e-05
277.55 1e-05
277.65 1e-05
277.75 2.33333e-05
277.85 1.33333e-05
277.95 1.66667e-05
278.05 1.33333e-05
278.15 2e-05
278.25 0
278.35 2.33333e-05
278.45 1.33333e-05
278.55 6.66667e-06
278.65 6.66667e-06
278.75 1e-05
278.85 3.33333e-06
278.95 1e-05
279.05 6.66667e-06
279.15 6.66667e-06
279.25 1e-05
279.35 0
279.45 3.33333e-06
279.55 6.66667e-06
279.65 1e-05
279.75 0
279.85 2e-05
279.95 6.66667e-06
280.05 1e-05
280.15 3.33333e-06
280.25 1e-05
280.35 3.33333e-06
280.45 1e-05
280.55 3.33333e-06
280.65 6.66667e-06
280.75 3.33333e-06
280.85 0
280.95 6.66667e-06
281.05 3.33333e-06
281.15 3.33333e-06
281.25 3.33333e-06
281.35 1e-05
281.45 3.33333e-06
281.55 6.66667e-06
281.65 1e-05
281.75 6.66667e-06
281.85 6.66667e-06
281.95 1e-05
282.05 3.33333e-06
282.15 1.33333e-05
282.25 1.33333e-05
282.35 1.33333e-05
282.45 6.66667e-06
282.55 0
282.65 3.33333e-06
282.75 3.33333e-06
282.85 3.33333e-06
282.95 0
283.05 1e-05
283.15 0
283.25 3.33333e-06
283.35 0
283.45 0
283.55 1e-05
283.65 3.33333e-06
283.75 6.66667e-06
283.85 3.33333e-06
283.95 3.33333e-06
284.05 1.33333e-05
284.15 3.33333e-06
284.25 1.33333e-05
284.35 0
284.45 6.66667e-06
284.55 6.66667e-06
284.65 3.33333e-06
284.75 3.33333e-06
284.85 6.66667e-06
284.95 3.33333e-06
285.05 0
285.15 6.66667e-06
285.25 0
285.35 0
285.45 1e-05
285.55 6.66667e-06
285.65 3.33333e-06
285.75 1.33333e-05
285.85 1e-05
285.95 1e-05
286.05 6.66667e-06
286.15 6.66667e-06
286.25 0
286.35 3.33333e-06
286.45 3.33333e-06
286.55 6.66667e-06
286.65 0
286.75 1e-05
286.85 1.33333e-05
286.95 6.66667e-06
287.05 0
287.15 1e-05
287.25 0
287.35 1e-05
287.45 6.66667e-06
287.55 6.66667e-06
287.65 3.33333e-06
287.75 0
287.85 1e-05
287.95 6.66667e-06
288.05 1e-05
288.15 0
288.25 1e-05
288.35 0
288.45 1e-05
288.55 6.66667e-06
288.65 6.66667e-06
288.75 6.66667e-06
288.85 3.33333e-06
288.95 6.66667e-06
289.05 0
289.15 3.33333e-06
289.25 0
289.35 0
289.45 0
289.55 0
289.65 0
289.75 6.66667e-06
289.85 6.66667e-06
289.95 6.66667e-06
290.05 3.33333e-06
290.15 1e-05
290.25 0
290.35 3.33333e-06
290.45 3.33333e-06
290.55 3.33333e-06
290.65 3.33333e-06
290.75 1e-05
290.85 1.33333e-05
290.95 6.66667e-06
291.05 1e-05
291.15 3.33333e-06
291.25 0
291.35 0
291.45 3.33333e-06
291.55 3.33333e-06
291.65 3.33333e-06
291.75 3.33333e-06
291.85 1e-05
291.95 0
292.05 6.66667e-06
292.15 3.33333e-06
292.25 6.66667e-06
292.35 0
292.45 6.66667e-06
292.55 0
292.65 6.66667e-06
292.75 0
292.85 0
292.95 1e-05
293.05 3.33333e-06
293.15 6.66667e-06
293.25 0
293.35 6.66667e-06
293.45 3.33333e-06
293.55 1e-05
293.65 3.33333e-06
293.75 1.66667e-05
293.85 0
293.95 0
294.05 3.33333e-06
294.15 0
294.25 3.33333e-06
294.35 0
294.45 1e-05
294.55 3.33333e-06
294.65 0
294.75 0
294.85 0
294.95 3.33333e-06
295.05 3.33333e-06
295.15 3.33333e-06
295.25 0
295.35 0
295.45 6.66667e-06
295.55 1e-05
295.65 0
295.75 0
295.85 0
295.95 6.66667e-06
296.05 0
296.15 0
296.25 6.66667e-06
296.35 0
296.45 6.66667e-06
296.55 1e-05
296.65 1e-05
296.75 0
296.85 6.66667e-06
296.95 1e-05
297.05 1e-05
297.15 0
297.25 3.33333e-06
297.35 3.33333e-06
297.45 6.66667e-06
297.55 6.66667e-06
297.65 3.33333e-06
297.75 3.33333e-06
297.85 1.33333e-05
297.95 3.33333e-06
298.05 0
298.15 1e-05
298.25 0
298.35 6.66667e-06
298.45 0
298.55 0
298.65 3.33333e-06
298.75 3.33333e-06
298.85 6.66667e-06
298.95 3.33333e-06
299.05 0
299.15 0
299.25 1e-05
299.35 0
299.45 0
299.55 6.66667e-06
299.65 0
299.75 3.33333e-06
299.85 6.66667e-06
299.95 6.66667e-06
300.05 3.33333e-06
300.15 0
300.25 6.66667e-06
300.35 3.33333e-06
300.45 3.33333e-06
300.55 3.33333e-06
300.65 3.33333e-06
300.75 3.33333e-06
300.85 0
300.95 0
301.05 3.33333e-06
301.15 0
301.25 3.33333e-06
301.35 3.33333e-06
301.45 1.33333e-05
301.55 3.33333e-06
301.65 6.66667e-06
301.75 0
301.85 6.66667e-06
301.95 1e-05
302.05 3.33333e-06
302.15 3.33333e-06
302.25 0
302.35 0
302.45 3.33333e-06
302.55 0
302.65 0
302.75 3.33333e-06
302.85 3.33333e-06
302.95 3.33333e-06
303.05 3.33333e-06
303.15 1e-05
303.25 0
303.35 6.66667e-06
303.45 0
303.55 3.33333e-06
303.65 0
303.75 6.66667e-06
303.85 1e-05
303.95 3.33333e-06
304.05 3.33333e-06
304.15 3.33333e-06
304.25 6.66667e-06
304.35 1e-05
304.45 6.66667e-06
304.55 6.66667e-06
304.65 6.66667e-06
304.75 6.66667e-06
304.85 0
304.95 0
305.05 0
305.15 3.33333e-06
305.25 0
305.35 1e-05
305.45 3.33333e-06
305.55 0
305.65 0
305.75 6.66667e-06
305.85 3.33333e-06
305.95 1e-05
306.05 6.66667e-06
306.15 0
306.25 3.33333e-06
306.35 0
306.45 0
306.55 6.66667e-06
306.65 3.33333e-06
306.75 1e-05
306.85 0
306.95 3.33333e-06
307.05 1e-05
307.15 3.33333e-06
307.25 3.33333e-06
307.35 0
307.45 3.33333e-06
307.55 3.33333e-06
307.65 0
307.75 3.33333e-06
307.85 3.33333e-06
307.95 0
308.05 3.33333e-06
308.15 0
308.25 0
308.35 0
308.45 3.33333e-06
308.55 0
308.65 3.33333e-06
308.75 3.33333e-06
308.85 0
308.95 1e-05
309.05 0
309.15 6.66667e-06
309.25 0
309.35 0
309.45 1e-05
309.55 0
309.65 0
309.75 0
309.85 0
309.95 3.33333e-06
310.05 0
310.15 3.33333e-06
310.25 0
310.35 0
310.45 0
310.55 0
310.65 0
310.75 3.33333e-06
310.85 0
310.95 0
311.05 0
311.15 0
311.25 1e-05
311.35 3.33333e-06
311.45 6.66667e-06
311.55 1e-05
311.65 3.33333e-06
311.75 0
311.85 0
311.95 0
312.05 0
312.15 1e-05
312.25 0
312.35 0
312.45 0
312.55 0
312.65 0
312.75 0
312.85 6.66667e-06
312.95 3.33333e-06
313.05 0
313.15 0
313.25 3.33333e-06
313.35 0
313.45 3.33333e-06
313.55 3.33333e-06
313.65 3.33333e-06
313.75 0
313.85 3.33333e-06
313.95 0
314.05 3.33333e-06
314.15 6.66667e-06
314.25 6.66667e-06
314.35 0
314.45 0
314.55 0
314.65 0
314.75 6.66667e-06
314.85 6.66667e-06
314.95 6.66667e-06
315.05 3.33333e-06
315.15 1e-05
315.25 3.33333e-06
315.35 0
315.45 3.33333e-06
315.55 0
315.65 0
315.75 0
315.85 6.66667e-06
315.95 6.66667e-06
316.05 3.33333e-06
316.15 0
316.25 3.33333e-06
316.35 0
316.45 0
316.55 0
316.65 0
316.75 6.66667e-06
316.85 0
316.95 3.33333e-06
317.05 0
317.15 0
317.25 0
317.35 3.33333e-06
317.45 6.66667e-06
317.55 3.33333e-06
317.65 6.66667e-06
317.75 3.33333e-06
317.85 0
317.95 0
318.05 0
318.15 0
318.25 6.66667e-06
318.35 0
318.45 0
318.55 3.33333e-06
318.65 0
318.75 3.33333e-06
318.85 0
318.95 3.33333e-06
319.05 3.33333e-06
319.15 0
319.25 3.33333e-06
319.35 0
319.45 6.66667e-06
319.55 0
319.65 6.66667e-06
319.75 3.33333e-06
319.85 0
319.95 0
320.05 3.33333e-06
320.15 1.33333e-05
320.25 3.33333e-06
320.35 0
320.45 0
320.55 3.33333e-06
320.65 3.33333e-06
320.75 3.33333e-06
320.85 0
320.95 3.33333e-06
321.05 3.33333e-06
321.15 0
321.25 6.66667e-06
321.35 3.33333e-06
321.45 0
321.55 6.66667e-06
321.65 0
321.75 3.33333e-06
321.85 0
321.95 3.33333e-06
322.05 1e-05
322.15 0
322.25 0
322.35 0
322.45 0
322.55 0
322.65 6.66667e-06
322.75 3.33333e-06
322.85 0
322.95 0
323.05 3.33333e-06
323.15 6.66667e-06
323.25 1e-05
323.35 0
323.45 3.33333e-06
323.55 0
323.65 3.33333e-06
323.75 0
323.85 6.66667e-06
323.95 0
324.05 3.33333e-06
324.15 0
324.25 0
324.35 3.33333e-06
324.45 3.33333e-06
324.55 1e-05
324.65 0
324.75 0
324.85 0
324.95 0
325.05 0
325.15 0
325.25 1e-05
325.35 0
325.45 0
325.55 0
325.65 0
325.75 3.33333e-06
325.85 0
325.95 0
326.05 0
326.15 3.33333e-06
326.25 0
326.35 6.66667e-06
326.45 3.33333e-06
326.55 0
326.65 0
326.75 0
326.85 0
326.95 0
327.05 0
327.15 0
327.25 0
327.35 0
327.45 3.33333e-06
327.55 3.33333e-06
327.65 3.33333e-06
327.75 3.33333e-06
327.85 0
327.95 0
328.05 3.33333e-06
328.15 0
328.25 0
328.35 0
328.45 0
328.55 0
328.65 0
328.75 1e-05
328.85 0
328.95 6.66667e-06
329.05 6.66667e-06
329.15 0
329.25 3.33333e-06
329.35 0
329.45 1e-05
329.55 6.66667e-06
329.65 6.66667e-06
329.75 6.66667e-06
329.85 0
329.95 0
330.05 3.33333e-06
330.15 0
330.25 0
330.35 6.66667e-06
330.45 0
330.55 3.33333e-06
330.65 3.33333e-06
330.75 3.33333e-06
330.85 0
330.95 0
331.05 0
331.15 0
331.25 0
331.35 3.33333e-06
331.45 6.66667e-06
331.55 3.33333e-06
331.65 0
331.75 0
331.85 0
331.95 6.66667e-06
332.05 0
332.15 0
332.25 3.33333e-06
332.35 3.33333e-06
332.45 3.33333e-06
332.55 0
332.65 6.66667e-06
332.75 3.33333e-06
332.85 0
332.95 0
333.05 0
333.15 3.33333e-06
333.25 0
333.35 0
333.45 3.33333e-06
333.55 0
333.65 0
333.75 3.33333e-06
333.85 0
333.95 0
334.05 0
334.15 6.66667e-06
334.25 3.33333e-06
334.35 0
334.45 0
334.55 0
334.65 3.33333e-06
334.75 0
334.85 0
334.95 3.33333e-06
335.05 0
335.15 0
335.25 3.33333e-06
335.35 0
335.45 3.33333e-06
335.55 0
335.65 0
335.75 0
335.85 0
335.95 3.33333e-06
336.05 0
336.15 0
336.25 0
336.35 0
336.45 0
336.55 0
336.65 3.33333e-06
336.75 0
336.85 6.66667e-06
336.95 0
337.05 0
337.15 0
337.25 3.33333e-06
337.35 0
337.45 0
337.55 3.33333e-06
337.65 3.33333e-06
337.75 0
337.85 0
337.95 0
338.05 0
338.15 0
338.25 0
338.35 0
338.45 0
338.55 0
338.65 0
338.75 6.66667e-06
338.85 0
338.95 3.33333e-06
339.05 0
339.15 0
339.25 6.66667e-06
339.35 3.33333e-06
339.45 0
339.55 3.33333e-06
339.65 0
339.75 0
339.85 0
339.95 0
340.05 0
340.15 0
340.25 0
340.35 0
340.45 0
340.55 0
340.65 0
340.75 6.66667e-06
340.85 0
340.95 0
341.05 3.33333e-06
341.15 0
341.25 0
341.35 3.33333e-06
341.45 0
341.55 3.33333e-06
341.65 0
341.75 3.33333e-06
341.85 0
341.95 3.33333e-06
342.05 0
342.15 0
342.25 0
342.35 0
342.45 0
342.55 3.33333e-06
342.65 3.33333e-06
342.75 3.33333e-06
342.85 0
342.95 0
343.05 0
343.15 3.33333e-06
343.25 0
343.35 0
343.45 0
343.55 0
343.65 0
343.75 0
343.85 3.33333e-06
343.95 0
344.05 0
344.15 0
344.25 0
344.35 0
344.45 0
344.55 0
344.65 0
344.75 6.66667e-06
344.85 0
344.95 0
345.05 0
345.15 0
345.25 0
345.35 0
345.45 0
345.55 0
345.65 0
345.75 3.33333e-06
345.85 0
345.95 0
346.05 0
346.15 0
346.25 3.33333e-06
346.35 0
346.45 0
346.55 0
346.65 0
346.75 0
346.85 0
346.95 0
347.05 0
347.15 0
347.25 0
347.35 3.33333e-06
347.45 0
347.55 0
347.65 0
347.75 3.33333e-06
347.85 0
347.95 0
348.05 3.33333e-06
348.15 0
348.25 0
348.35 0
348.45 0
348.55 0
348.65 0
348.75 0
348.85 3.33333e-06
348.95 0
349.05 0
349.15 0
349.25 0
349.35 0
349.45 0
349.55 0
349.65 0
349.75 3.33333e-06
349.85 3.33333e-06
349.95 0
350.05 0
350.15 0
350.25 0
350.35 3.33333e-06
350.45 0
350.55 0
350.65 0
350.75 0
350.85 0
350.95 3.33333e-06
351.05 3.33333e-06
351.15 0
351.25 0
351.35 0
351.45 0
351.55 0
351.65 0
351.75 0
351.85 0
351.95 3.33333e-06
352.05 0
352.15 0
352.25 0
352.35 0
352.45 0
352.55 3.33333e-06
352.65 6.66667e-06
352.75 0
352.85 0
352.95 0
353.05 0
353.15 0
353.25 0
353.35 0
353.45 0
353.55 3.33333e-06
353.65 6.66667e-06
353.75 0
353.85 0
353.95 0
354.05 0
354.15 3.33333e-06
354.25 0
354.35 0
354.45 0
354.55 3.33333e-06
354.65 3.33333e-06
354.75 0
354.85 0
354.95 3.33333e-06
355.05 0
355.15 0
355.25 3.33333e-06
355.35 0
355.45 0
355.55 0
355.65 0
355.75 0
355.85 3.33333e-06
355.95 0
356.05 3.33333e-06
356.15 0
356.25 0
356.35 0
356.45 0
356.55 0
356.65 0
356.75 0
356.85 0
356.95 0
357.05 0
357.15 0
357.25 0
357.35 0
357.45 0
357.55 0
357.65 0
357.75 0
357.85 0
357.95 0
358.05 0
358.15 0
358.25 0
358.35 0
358.45 0
358.55 0
358.65 0
358.75 3.33333e-06
358.85 0
358.95 0
359.05 0
359.15 0
359.25 0
359.35 3.33333e-06
359.45 0
359.55 0
359.65 0
359.75 0
359.85 0
359.95 0
360.05 0
360.15 3.33333e-06
360.25 0
360.35 0
360.45 0
360.55 0
360.65 3.33333e-06
360.75 0
360.85 0
360.95 0
361.05 0
361.15 0
361.25 0
361.35 3.33333e-06
361.45 0
361.55 0
361.65 6.66667e-06
361.75 0
361.85 0
361.95 0
362.05 6.66667e-06
362.15 0
362.25 0
362.35 0
362.45 0
362.55 0
362.65 0
362.75 0
362.85 3.33333e-06
362.95 0
363.05 0
363.15 0
363.25 3.33333e-06
363.35 0
363.45 0
363.55 0
363.65 0
363.75 3.33333e-06
363.85 0
363.95 0
364.05 0
364.15 0
364.25 0
364.35 0
364.45 0
364.55 0
364.65 3.33333e-06
364.75 3.33333e-06
364.85 0
364.95 0
365.05 0
365.15 0
365.25 0
365.35 3.33333e-06
365.45 0
365.55 0
365.65 0
365.75 3.33333e-06
365.85 3.33333e-06
365.95 0
366.05 0
366.15 3.33333e-06
366.25 0
366.35 3.33333e-06
366.45 0
366.55 0
366.65 0
366.75 0
366.85 0
366.95 0
367.05 0
367.15 0
367.25 0
367.35 0
367.45 0
367.55 0
367.65 0
367.75 3.33333e-06
367.85 0
367.95 0
368.05 0
368.15 0
368.25 0
368.35 0
368.45 3.33333e-06
368.55 3.33333e-06
368.65 6.66667e-06
368.75 3.33333e-06
368.85 0
368.95 0
369.05 0
369.15 0
369.25 0
369.35 0
369.45 0
369.55 0
369.65 0
369.75 0
369.85 0
369.95 0
370.05 0
370.15 0
370.25 6.66667e-06
370.35 0
370.45 0
370.55 3.33333e-06
370.65 0
370.75 0
370.85 0
370.95 0
371.05 0
371.15 0
371.25 0
371.35 0
371.45 0
371.55 0
371.65 0
371.75 0
371.85 0
371.95 0
372.05 0
372.15 0
372.25 0
372.35 0
372.45 0
372.55 0
372.65 0
372.75 0
372.85 0
372.95 0
373.05 0
373.15 0
373.25 0
373.35 0
373.45 0
373.55 0
373.65 0
373.75 0
373.85 0
373.95 0
374.05 0
374.15 0
374.25 3.33333e-06
374.35 0
374.45 0
374.55 0
374.65 0
374.75 0
374.85 3.33333e-06
374.95 0
375.05 0
375.15 0
375.25 0
375.35 0
375.45 3.33333e-06
375.55 0
375.65 0
375.75 0
375.85 0
375.95 0
376.05 3.33333e-06
376.15 0
376.25 0
376.35 3.33333e-06
376.45 0
376.55 0
376.65 0
376.75 0
376.85 0
376.95 3.33333e-06
377.05 0
377.15 0
377.25 0
377.35 0
377.45 0
377.55 0
377.65 0
377.75 0
377.85 0
377.95 3.33333e-06
378.05 0
378.15 0
378.25 0
378.35 0
378.45 0
378.55 0
378.65 0
378.75 0
378.85 0
378.95 0
379.05 0
379.15 0
379.25 0
379.35 0
379.45 0
379.55 0
379.65 0
379.75 0
379.85 0
379.95 0
380.05 0
380.15 0
380.25 0
380.35 0
380.45 0
380.55 0
380.65 0
380.75 0
380.85 0
380.95 0
381.05 0
381.15 0
381.25 0
381.35 0
381.45 0
381.55 0
381.65 0
381.75 0
381.85 0
381.95 0
382.05 0
382.15 0
382.25 0
382.35 0
382.45 0
382.55 0
382.65 0
382.75 0
382.85 0
382.95 0
383.05 0
383.15 0
383.25 3.33333e-06
383.35 0
383.45 0
383.55 3.33333e-06
383.65 0
383.75 3.33333e-06
383.85 0
383.95 0
384.05 0
384.15 0
384.25 0
384.35 3.33333e-06
384.45 0
384.55 0
384.65 0
384.75 0
384.85 0
384.95 0
385.05 0
385.15 0
385.25 0
385.35 0
385.45 0
385.55 0
385.65 0
385.75 0
385.85 0
385.95 0
386.05 0
386.15 0
386.25 0
386.35 0
386.45 0
386.55 0
386.65 0
386.75 0
386.85 3.33333e-06
386.95 0
387.05 0
387.15 0
387.25 0
387.35 0
387.45 0
387.55 0
387.65 0
387.75 0
387.85 0
387.95 0
388.05 0
388.15 0
388.25 0
388.35 0
388.45 0
388.55 0
388.65 0
388.75 0
388.85 0
388.95 0
389.05 0
389.15 0
389.25 0
389.35 0
389.45 0
389.55 0
389.65 0
389.75 0
389.85 0
389.95 0
390.05 0
390.15 0
390.25 0
390.35 0
390.45 0
390.55 0
390.65 0
390.75 0
390.85 0
390.95 3.33333e-06
391.05 0
391.15 0
391.25 0
391.35 0
391.45 3.33333e-06
391.55 0
391.65 0
391.75 3.33333e-06
391.85 3.33333e-06
391.95 0
392.05 0
392.15 0
392.25 0
392.35 0
392.45 0
392.55 3.33333e-06
392.65 0
392.75 0
392.85 0
392.95 0
393.05 0
393.15 0
393.25 0
393.35 0
393.45 0
393.55 0
393.65 0
393.75 0
393.85 0
393.95 0
394.05 0
394.15 0
394.25 0
394.35 0
394.45 0
394.55 0
394.65 0
394.75 0
394.85 0
394.95 0
395.05 0
395.15 0
395.25 0
395.35 0
395.45 0
395.55 0
395.65 0
395.75 0
395.85 0
395.95 0
396.05 0
396.15 0
396.25 0
396.35 0
396.45 0
396.55 0
396.65 0
396.75 0
396.85 0
396.95 0
397.05 0
397.15 0
397.25 0
397.35 0
397.45 0
397.55 0
397.65 0
397.75 3.33333e-06
397.85 0
397.95 0
398.05 0
398.15 3.33333e-06
398.25 0
398.35 0
398.45 0
398.55 0
398.65 0
398.75 0
398.85 0
398.95 0
399.05 0
399.15 0
399.25 0
399.35 0
399.45 0
399.55 0
399.65 0
399.75 0
399.85 0
399.95 0
400.05 0
400.15 0
400.25 3.33333e-06
400.35 0
400.45 0
400.55 0
400.65 0
400.75 0
400.85 0
400.95 0
401.05 0
401.15 0
401.25 0
401.35 0
401.45 0
401.55 0
401.65 0
401.75 0
401.85 0
401.95 0
402.05 0
402.15 0
402.25 0
402.35 0
402.45 0
402.55 0
402.65 0
402.75 0
402.85 0
402.95 0
403.05 0
403.15 0
403.25 0
403.35 0
403.45 0
403.55 0
403.65 0
403.75 0
403.85 0
403.95 0
404.05 0
404.15 0
404.25 0
404.35 0
404.45 0
404.55 0
404.65 0
404.75 0
404.85 0
404.95 0
405.05 0
405.15 0
405.25 0
405.35 0
405.45 0
405.55 0
405.65 0
405.75 0
405.85 0
405.95 0
406.05 0
406.15 0
406.25 0
406.35 0
406.45 0
406.55 0
406.65 0
406.75 3.33333e-06
406.85 3.33333e-06
406.95 0
407.05 0
407.15 0
407.25 0
407.35 0
407.45 0
407.55 0
407.65 0
407.75 0
407.85 0
407.95 0
408.05 0
408.15 0
408.25 0
408.35 0
408.45 0
408.55 0
408.65 0
408.75 0
408.85 0
408.95 0
409.05 0
409.15 0
409.25 0
409.35 0
409.45 0
409.55 0
409.65 0
409.75 0
409.85 0
409.95 0
410.05 0
410.15 0
410.25 0
410.35 0
410.45 0
410.55 0
410.65 0
410.75 0
410.85 0
410.95 0
411.05 0
411.15 0
411.25 0
411.35 0
411.45 0
411.55 0
411.65 0
411.75 0
411.85 0
411.95 0
412.05 0
412.15 0
412.25 0
412.35 0
412.45 0
412.55 0
412.65 0
412.75 0
412.85 0
412.95 0
413.05 0
413.15 0
413.25 0
413.35 0
413.45 0
413.55 0
413.65 0
413.75 0
413.85 0
413.95 0
414.05 0
414.15 0
414.25 0
414.35 0
414.45 0
414.55 0
414.65 0
414.75 0
414.85 0
414.95 0
415.05 0
415.15 0
415.25 0
415.35 0
415.45 0
415.55 0
415.65 0
415.75 0
415.85 0
415.95 0
416.05 0
416.15 0
416.25 0
416.35 0
416.45 0
416.55 0
416.65 0
416.75 0
416.85 0
416.95 0
417.05 0
417.15 0
417.25 0
417.35 0
417.45 0
417.55 0
417.65 0
417.75 0
417.85 0
417.95 0
418.05 0
418.15 0
418.25 0
418.35 0
418.45 0
418.55 0
418.65 0
418.75 0
418.85 0
418.95 0
419.05 0
419.15 0
419.25 0
419.35 0
419.45 0
419.55 0
419.65 0
419.75 0
419.85 0
419.95 0
420.05 0
420.15 0
420.25 0
420.35 0
420.45 0
420.55 0
420.65 0
420.75 0
420.85 0
420.95 0
421.05 0
421.15 0
421.25 0
421.35 3.33333e-06
421.45 0
421.55 0
421.65 0
421.75 0
421.85 0
421.95 0
422.05 0
422.15 0
422.25 0
422.35 0
422.45 0
422.55 0
422.65 0
422.75 0
422.85 0
422.95 0
423.05 0
423.15 0
423.25 0
423.35 0
423.45 0
423.55 0
423.65 0
423.75 0
423.85 0
423.95 0
424.05 0
424.15 0
424.25 0
424.35 0
424.45 0
424.55 0
424.65 0
424.75 0
424.85 0
424.95 0
425.05 0
425.15 0
425.25 0
425.35 0
425.45 0
425.55 0
425.65 0
425.75 0
425.85 0
425.95 0
426.05 0
426.15 0
426.25 0
426.35 0
426.45 0
426.55 0
426.65 0
426.75 0
426.85 0
426.95 0
427.05 0
427.15 0
427.25 0
427.35 0
427.45 0
427.55 0
427.65 0
427.75 0
427.85 0
427.95 0
428.05 0
428.15 0
428.25 0
428.35 0
428.45 0
428.55 0
428.65 0
428.75 0
428.85 0
428.95 0
429.05 0
429.15 0
429.25 0
429.35 0
429.45 0
429.55 0
429.65 0
429.75 0
429.85 0
429.95 0
430.05 0
430.15 0
430.25 0
430.35 0
430.45 0
430.55 0
430.65 0
430.75 0
430.85 0
430.95 0
431.05 0
431.15 0
431.25 0
431.35 0
431.45 0
431.55 0
431.65 0
431.75 0
431.85 0
431.95 0
432.05 0
432.15 0
432.25 0
432.35 0
432.45 0
432.55 0
432.65 0
432.75 0
432.85 0
432.95 0
433.05 0
433.15 0
433.25 0
433.35 0
433.45 0
433.55 0
433.65 0
433.75 0
433.85 0
433.95 0
434.05 0
434.15 0
434.25 3.33333e-06
434.35 0
434.45 0
434.55 0
434.65 0
434.75 0
434.85 0
434.95 0
435.05 0
435.15 0
435.25 0
435.35 0
435.45 0
435.55 0
435.65 0
435.75 0
435.85 0
435.95 0
436.05 0
436.15 0
436.25 0
436.35 0
436.45 0
436.55 0
436.65 0
436.75 0
436.85 0
436.95 0
437.05 0
437.15 0
437.25 0
437.35 0
437.45 0
437.55 0
437.65 0
437.75 0
437.85 0
437.95 0
438.05 0
438.15 0
438.25 0
438.35 0
438.45 0
438.55 0
438.65 0
438.75 0
438.85 0
438.95 0
439.05 0
439.15 0
439.25 0
439.35 0
439.45 0
439.55 0
439.65 0
439.75 0
439.85 0
439.95 0
440.05 0
440.15 0
440.25 0
440.35 0
440.45 0
440.55 0
440.65 0
440.75 0
440.85 0
440.95 0
441.05 0
441.15 0
441.25 0
441.35 0
441.45 0
441.55 0
441.65 0
441.75 0
441.85 0
441.95 0
442.05 0
442.15 0
442.25 0
442.35 0
442.45 0
442.55 0
442.65 0
442.75 0
442.85 0
442.95 0
443.05 0
443.15 0
443.25 0
443.35 0
443.45 0
443.55 0
443.65 0
443.75 0
443.85 0
443.95 0
444.05 0
444.15 0
444.25 0
444.35 0
444.45 0
444.55 0
444.65 0
444.75 0
444.85 0
444.95 0
445.05 0
445.15 0
445.25 0
445.35 0
445.45 0
445.55 0
445.65 0
445.75 0
445.85 0
445.95 0
446.05 0
446.15 0
446.25 0
446.35 0
446.45 0
446.55 0
446.65 0
446.75 0
446.85 0
446.95 0
447.05 0
447.15 0
447.25 0
447.35 0
447.45 0
447.55 0
447.65 0
447.75 0
447.85 0
447.95 0
448.05 0
448.15 0
448.25 0
448.35 0
448.45 0
448.55 0
448.65 0
448.75 0
448.85 0
448.95 0
449.05 0
449.15 0
449.25 0
449.35 0
449.45 0
449.55 0
449.65 0
449.75 0
449.85 0
449.95 0
450.05 0
450.15 0
450.25 0
450.35 0
450.45 0
450.55 0
450.65 0
450.75 0
450.85 0
450.95 0
451.05 0
451.15 0
451.25 0
451.35 0
451.45 0
451.55 0
451.65 0
451.75 0
451.85 0
451.95 0
452.05 0
452.15 0
452.25 0
452.35 0
452.45 0
452.55 0
452.65 0
452.75 0
452.85 0
452.95 0
453.05 0
453.15 0
453.25 0
453.35 0
453.45 0
453.55 0
453.65 0
453.75 0
453.85 0
453.95 0
454.05 0
454.15 0
454.25 0
454.35 0
454.45 0
454.55 0
454.65 0
454.75 0
454.85 0
454.95 0
455.05 0
455.15 0
455.25 0
455.35 0
455.45 0
455.55 0
455.65 0
455.75 0
455.85 0
455.95 0
456.05 0
456.15 0
456.25 0
456.35 0
456.45 0
456.55 0
456.65 0
456.75 0
456.85 0
456.95 0
457.05 0
457.15 0
457.25 0
457.35 0
457.45 0
457.55 0
457.65 0
457.75 0
457.85 0
457.95 0
458.05 0
458.15 0
458.25 0
458.35 0
458.45 0
458.55 0
458.65 0
458.75 0
458.85 0
458.95 0
459.05 0
459.15 0
459.25 0
459.35 0
459.45 0
459.55 0
459.65 0
459.75 0
459.85 0
459.95 0
460.05 0
460.15 0
460.25 0
460.35 0
460.45 0
460.55 0
460.65 0
460.75 0
460.85 0
460.95 0
461.05 0
461.15 0
461.25 0
461.35 0
461.45 0
461.55 0
461.65 0
461.75 0
461.85 0
461.95 0
462.05 0
462.15 0
462.25 0
462.35 0
462.45 0
462.55 0
462.65 0
462.75 0
462.85 0
462.95 0
463.05 0
463.15 0
463.25 0
463.35 0
463.45 0
463.55 0
463.65 0
463.75 0
463.85 0
463.95 0
464.05 0
464.15 0
464.25 0
464.35 0
464.45 0
464.55 0
464.65 0
464.75 0
464.85 0
464.95 0
465.05 0
465.15 0
465.25 0
465.35 0
465.45 0
465.55 0
465.65 0
465.75 0
465.85 0
465.95 0
466.05 0
466.15 0
466.25 0
466.35 0
466.45 0
466.55 0
466.65 0
466.75 0
466.85 0
466.95 0
467.05 0
467.15 0
467.25 0
467.35 0
467.45 0
467.55 0
467.65 0
467.75 0
467.85 0
467.95 0
468.05 0
468.15 0
468.25 0
468.35 0
468.45 0
468.55 0
468.65 0
468.75 0
468.85 0
468.95 0
469.05 0
469.15 0
469.25 0
469.35 0
469.45 0
469.55 0
469.65 0
469.75 0
469.85 0
469.95 0
470.05 0
470.15 0
470.25 0
470.35 0
470.45 0
470.55 0
470.65 0
470.75 0
470.85 0
470.95 0
471.05 0
471.15 0
471.25 0
471.35 0
471.45 0
471.55 0
471.65 0
471.75 0
471.85 0
471.95 0
472.05 0
472.15 0
472.25 0
472.35 0
472.45 0
472.55 0
472.65 0
472.75 0
472.85 0
472.95 0
473.05 0
473.15 0
473.25 0
473.35 0
473.45 0
473.55 0
473.65 0
473.75 0
473.85 0
473.95 0
474.05 0
474.15 0
474.25 0
474.35 0
474.45 0
474.55 0
474.65 0
474.75 0
474.85 0
474.95 0
475.05 0
475.15 0
475.25 0
475.35 0
475.45 0
475.55 0
475.65 0
475.75 0
475.85 0
475.95 0
476.05 0
476.15 0
476.25 0
476.35 0
476.45 0
476.55 0
476.65 0
476.75 0
476.85 0
476.95 0
477.05 0
477.15 0
477.25 0
477.35 0
477.45 0
477.55 0
477.65 0
477.75 0
477.85 0
477.95 0
478.05 0
478.15 0
478.25 0
478.35 0
478.45 0
478.55 0
478.65 0
478.75 0
478.85 0
478.95 0
479.05 0
479.15 0
479.25 0
479.35 0
479.45 0
479.55 0
479.65 0
479.75 0
479.85 0
479.95 0
480.05 0
480.15 0
480.25 0
480.35 0
480.45 0
480.55 0
480.65 0
480.75 0
480.85 0
480.95 0
481.05 0
481.15 0
481.25 0
481.35 0
481.45 0
481.55 0
481.65 0
481.75 0
481.85 0
481.95 0
482.05 0
482.15 0
482.25 0
482.35 0
482.45 0
482.55 0
482.65 0
482.75 0
482.85 0
482.95 0
483.05 0
483.15 0
483.25 0
483.35 0
483.45 0
483.55 0
483.65 0
483.75 0
483.85 0
483.95 0
484.05 0
484.15 0
484.25 0
484.35 0
484.45 0
484.55 0
484.65 0
484.75 0
484.85 0
484.95 0
485.05 0
485.15 0
485.25 0
485.35 0
485.45 0
485.55 0
485.65 0
485.75 0
485.85 0
485.95 0
486.05 0
486.15 0
486.25 0
486.35 0
486.45 0
486.55 0
486.65 0
486.75 0
486.85 0
486.95 0
487.05 0
487.15 0
487.25 0
487.35 0
487.45 0
487.55 0
487.65 0
487.75 0
487.85 0
487.95 0
488.05 0
488.15 0
488.25 0
488.35 0
488.45 0
488.55 0
488.65 0
488.75 0
488.85 0
488.95 0
489.05 0
489.15 0
489.25 0
489.35 0
489.45 0
489.55 0
489.65 0
489.75 0
489.85 0
489.95 0
490.05 0
490.15 0
490.25 0
490.35 0
490.45 0
490.55 0
490.65 0
490.75 0
490.85 0
490.95 0
491.05 0
491.15 0
491.25 0
491.35 0
491.45 0
491.55 0
491.65 0
491.75 0
491.85 0
491.95 0
492.05 0
492.15 0
492.25 0
492.35 0
492.45 0
492.55 0
492.65 0
492.75 0
492.85 0
492.95 0
493.05 0
493.15 0
493.25 0
493.35 0
493.45 0
493.55 0
493.65 0
493.75 0
493.85 0
493.95 0
494.05 0
494.15 0
494.25 0
494.35 0
494.45 0
494.55 0
494.65 0
494.75 0
494.85 0
494.95 0
495.05 0
495.15 0
495.25 0
495.35 0
495.45 0
495.55 0
495.65 0
495.75 0
495.85 0
495.95 0
496.05 0
496.15 0
496.25 0
496.35 0
496.45 0
496.55 0
496.65 0
496.75 0
496.85 0
496.95 0
497.05 0
497.15 0
497.25 0
497.35 0
497.45 0
497.55 0
497.65 0
497.75 0
497.85 0
497.95 0
498.05 0
498.15 0
498.25 0
498.35 0
498.45 0
498.55 0
498.65 0
498.75 0
498.85 0
498.95 0
499.05 0
499.15 0
499.25 0
499.35 0
499.45 0
499.55 0
499.65 0
499.75 0
499.85 0
499.95 0
500.05 1
